,time,action,proxy_name,honest_clients,malicious_clients,system_health,total_blocked,total_healthy
0,2.9611362558821903,EXPOSE_CLIENT,Proxy 0,0,1,0,0,200
1,7.36017595736024,EXPOSE_CLIENT,Proxy 10,0,1,0,0,200
2,14.679380967838316,EXPOSE_CLIENT,Proxy 9,0,1,0,0,200
3,19.217829425217257,EXPOSE_CLIENT,Proxy 6,0,1,0,0,200
4,19.5571485074884,EXPOSE_CLIENT,Proxy 10,1,1,0,0,200
5,25.841957280223063,EXPOSE_CLIENT,Proxy 10,2,1,0,0,200
6,36.46529360049409,EXPOSE_CLIENT,Proxy 7,1,3,0,0,200
7,36.94177270671604,EXPOSE_CLIENT,Proxy 16,0,1,0,0,200
8,38.39427435532058,EXPOSE_CLIENT,Proxy 7,2,4,0,0,200
9,39.320716024866,EXPOSE_CLIENT,Proxy 13,0,1,0,0,200
10,40.01799279864551,EXPOSE_CLIENT,Proxy 9,1,3,0,0,200
11,41.350688996671714,EXPOSE_CLIENT,Proxy 11,1,3,0,0,200
12,41.94819159419508,EXPOSE_CLIENT,Proxy 8,1,2,0,0,200
13,42.75549378129698,EXPOSE_CLIENT,Proxy 11,2,3,0,0,200
14,42.93530703444001,EXPOSE_CLIENT,Proxy 16,1,1,0,0,200
15,45.507965030423506,EXPOSE_CLIENT,Proxy 11,3,3,0,0,200
16,45.846827993883295,EXPOSE_CLIENT,Proxy 10,3,3,0,0,200
17,46.448922460826616,EXPOSE_CLIENT,Proxy 11,4,3,0,0,200
18,46.63650951436262,EXPOSE_CLIENT,Proxy 10,4,3,0,0,200
19,49.449696487963394,EXPOSE_CLIENT,Proxy 18,0,1,0,0,200
20,50.12948374221263,EXPOSE_CLIENT,Proxy 18,1,1,0,0,200
21,50.381977814536235,EXPOSE_CLIENT,Proxy 16,2,1,0,0,200
22,50.95837322532416,EXPOSE_CLIENT,Proxy 13,1,1,0,0,200
23,51.249357545757626,EXPOSE_CLIENT,Proxy 13,2,1,0,0,200
24,51.39898527469468,EXPOSE_CLIENT,Proxy 12,1,2,0,0,200
25,54.289244496444354,EXPOSE_CLIENT,Proxy 18,2,1,0,0,200
26,54.92559815981567,EXPOSE_CLIENT,Proxy 13,3,1,0,0,200
27,56.04869235292324,EXPOSE_CLIENT,Proxy 16,3,1,0,0,200
28,58.49376306672453,EXPOSE_CLIENT,Proxy 20,0,1,0,0,200
29,58.91783088716669,EXPOSE_CLIENT,Proxy 14,1,2,0,0,200
30,62.48837769977088,EXPOSE_CLIENT,Proxy 16,4,1,0,0,200
31,65.92967234095123,EXPOSE_CLIENT,Proxy 17,1,1,0,0,200
32,66.01475081248176,EXPOSE_CLIENT,Proxy 17,2,1,0,0,200
33,70.70908054040983,EXPOSE_CLIENT,Proxy 19,1,2,0,0,200
34,72.94255701888689,EXPOSE_CLIENT,Proxy 18,3,2,0,0,200
35,91.0,CENSOR_TRACK,,49,42,0,20,180
36,83.66683453065576,EXPOSE_CLIENT,Proxy 18,4,3,0,0,200
37,86.21181853069388,EXPOSE_CLIENT,Proxy 26,1,1,0,0,200
38,91.19672476317437,EXPOSE_CLIENT,Proxy 28,0,1,0,0,200
39,94.15902543810971,EXPOSE_CLIENT,Proxy 26,2,1,0,0,200
40,99.69511130250196,EXPOSE_CLIENT,Proxy 22,2,1,0,0,200
41,106.56748353058053,EXPOSE_CLIENT,Proxy 23,2,1,0,0,200
42,113.45897225079413,EXPOSE_CLIENT,Proxy 26,3,2,0,0,200
43,113.58639687840225,EXPOSE_CLIENT,Proxy 25,1,2,0,0,200
44,119.58748275670148,EXPOSE_CLIENT,Proxy 26,4,2,0,0,200
45,122.45741569954167,EXPOSE_CLIENT,Proxy 25,2,2,0,0,200
46,122.82254825232194,EXPOSE_CLIENT,Proxy 30,1,2,0,0,200
47,125.2839406528168,EXPOSE_CLIENT,Proxy 32,0,1,0,0,200
48,149.34199533315586,EXPOSE_CLIENT,Proxy 32,1,4,0,0,200
49,151.40934071420168,EXPOSE_CLIENT,Proxy 35,3,1,0,0,200
50,153.40207521688953,EXPOSE_CLIENT,Proxy 35,4,1,0,0,200
51,155.70525883546122,EXPOSE_CLIENT,Proxy 32,2,4,0,0,200
52,165.40760648554084,EXPOSE_CLIENT,Proxy 36,0,1,0,0,200
53,167.07114514758732,EXPOSE_CLIENT,Proxy 35,5,2,0,0,200
54,173.2343775809776,EXPOSE_CLIENT,Proxy 36,1,2,0,0,200
55,177.08695752236054,EXPOSE_CLIENT,Proxy 37,1,1,0,0,200
56,179.1032807176662,EXPOSE_CLIENT,Proxy 37,2,1,0,0,200
57,184.53319709171595,EXPOSE_CLIENT,Proxy 42,0,1,0,0,200
58,189.0,CENSOR_TRACK,,91,98,0,40,160
59,193.7902806299852,EXPOSE_CLIENT,Proxy 39,0,1,0,0,200
60,195.46680238140115,EXPOSE_CLIENT,Proxy 38,1,5,0,0,200
61,201.1980186437198,EXPOSE_CLIENT,Proxy 39,1,1,0,0,200
62,201.74775785572476,EXPOSE_CLIENT,Proxy 42,1,1,0,0,200
63,202.79696270311007,EXPOSE_CLIENT,Proxy 42,2,1,0,0,200
64,209.78620745242213,EXPOSE_CLIENT,Proxy 43,3,2,0,0,200
65,213.13726951830327,EXPOSE_CLIENT,Proxy 48,1,1,0,0,200
66,214.9311578550569,EXPOSE_CLIENT,Proxy 42,3,1,0,0,200
67,222.22029022172126,EXPOSE_CLIENT,Proxy 44,0,3,0,0,200
68,222.8087067991555,EXPOSE_CLIENT,Proxy 46,0,2,0,0,200
69,232.81851242652237,EXPOSE_CLIENT,Proxy 48,2,2,0,0,200
70,240.71553503657424,EXPOSE_CLIENT,Proxy 48,3,2,0,0,200
71,241.78738107266383,EXPOSE_CLIENT,Proxy 46,1,3,0,0,200
72,243.74836497913842,EXPOSE_CLIENT,Proxy 53,0,1,0,0,200
73,244.813818575475,EXPOSE_CLIENT,Proxy 48,4,2,0,0,200
74,245.82638642194715,EXPOSE_CLIENT,Proxy 49,1,1,0,0,200
75,249.94748784866312,EXPOSE_CLIENT,Proxy 51,4,2,0,0,200
76,253.46865730343984,EXPOSE_CLIENT,Proxy 54,0,1,0,0,200
77,255.5752324107801,EXPOSE_CLIENT,Proxy 54,1,1,0,0,200
78,258.7572562358647,EXPOSE_CLIENT,Proxy 54,2,1,0,0,200
79,261.8179967977554,EXPOSE_CLIENT,Proxy 53,1,2,0,0,200
80,263.4550599688714,EXPOSE_CLIENT,Proxy 59,0,1,0,0,200
81,263.9244293803111,EXPOSE_CLIENT,Proxy 53,2,2,0,0,200
82,265.94112323833315,EXPOSE_CLIENT,Proxy 53,3,2,0,0,200
83,271.7103106970701,EXPOSE_CLIENT,Proxy 53,4,2,0,0,200
84,277.7700487377923,EXPOSE_CLIENT,Proxy 54,3,1,0,0,200
85,279.4955363748319,EXPOSE_CLIENT,Proxy 62,1,1,0,0,200
86,279.91522028934,EXPOSE_CLIENT,Proxy 60,1,1,0,0,200
87,280.441329515005,EXPOSE_CLIENT,Proxy 62,2,2,0,0,200
88,282.4614601588594,EXPOSE_CLIENT,Proxy 57,0,2,0,0,200
89,286.6127982295214,EXPOSE_CLIENT,Proxy 58,0,3,0,0,200
90,287.2573649397817,EXPOSE_CLIENT,Proxy 64,0,1,0,0,200
91,292.6305033495054,EXPOSE_CLIENT,Proxy 60,2,2,0,0,200
92,292.7077982689823,EXPOSE_CLIENT,Proxy 64,1,1,0,0,200
93,294.0676336679373,EXPOSE_CLIENT,Proxy 60,3,2,0,0,200
94,310.05570413519695,EXPOSE_CLIENT,Proxy 63,1,2,0,0,200
95,313.0,CENSOR_TRACK,,158,155,0,60,140
96,314.89081971254035,EXPOSE_CLIENT,Proxy 64,2,3,0,0,200
97,320.6898075245491,EXPOSE_CLIENT,Proxy 65,0,3,0,0,200
98,324.59817066521225,EXPOSE_CLIENT,Proxy 65,1,3,0,0,200
99,332.5630987255304,EXPOSE_CLIENT,Proxy 71,0,2,0,0,200
100,336.33956370672144,EXPOSE_CLIENT,Proxy 74,0,1,0,0,200
101,337.5867652727518,EXPOSE_CLIENT,Proxy 74,1,1,0,0,200
102,337.9967913223748,EXPOSE_CLIENT,Proxy 68,1,2,0,0,200
103,338.5328596399185,EXPOSE_CLIENT,Proxy 74,2,1,0,0,200
104,343.31116011228033,EXPOSE_CLIENT,Proxy 74,3,1,0,0,200
105,347.07802524355793,EXPOSE_CLIENT,Proxy 76,0,1,0,0,200
106,352.35872679835364,EXPOSE_CLIENT,Proxy 77,0,2,0,0,200
107,357.57693399929684,EXPOSE_CLIENT,Proxy 74,4,2,0,0,200
108,358.50280755824747,EXPOSE_CLIENT,Proxy 79,1,2,0,0,200
109,364.0310692876486,EXPOSE_CLIENT,Proxy 74,5,2,0,0,200
110,366.94217794665474,EXPOSE_CLIENT,Proxy 76,1,2,0,0,200
111,373.7351741571845,EXPOSE_CLIENT,Proxy 75,3,2,0,0,200
112,376.77376934259536,EXPOSE_CLIENT,Proxy 80,1,2,0,0,200
113,378.7639977312028,EXPOSE_CLIENT,Proxy 80,2,2,0,0,200
114,379.5166596555537,EXPOSE_CLIENT,Proxy 76,2,2,0,0,200
115,379.87063829956344,EXPOSE_CLIENT,Proxy 80,3,2,0,0,200
116,380.90177580045685,EXPOSE_CLIENT,Proxy 79,2,2,0,0,200
117,383.22238903866673,EXPOSE_CLIENT,Proxy 84,0,1,0,0,200
118,384.6244442778613,EXPOSE_CLIENT,Proxy 83,0,1,0,0,200
119,386.53916590597174,EXPOSE_CLIENT,Proxy 80,4,4,0,0,200
120,390.9903132870564,EXPOSE_CLIENT,Proxy 83,1,1,0,0,200
121,392.9461319844728,EXPOSE_CLIENT,Proxy 82,0,2,0,0,200
122,393.2444219869901,EXPOSE_CLIENT,Proxy 83,2,1,0,0,200
123,396.8926811125415,EXPOSE_CLIENT,Proxy 84,1,1,0,0,200
124,404.60218130923084,EXPOSE_CLIENT,Proxy 80,5,5,0,0,200
125,410.67483128769146,EXPOSE_CLIENT,Proxy 87,0,1,0,0,200
126,410.82934769854654,EXPOSE_CLIENT,Proxy 85,0,2,0,0,200
127,413.9697350239706,EXPOSE_CLIENT,Proxy 80,6,5,0,0,200
128,416.07453261011284,EXPOSE_CLIENT,Proxy 89,0,1,0,0,200
129,416.90483685725735,EXPOSE_CLIENT,Proxy 87,1,1,0,0,200
130,409.0,CENSOR_TRACK,,200,209,0,80,120
131,421.6467506452452,EXPOSE_CLIENT,Proxy 83,3,1,0,0,200
132,423.02623029933517,EXPOSE_CLIENT,Proxy 87,2,1,0,0,200
133,437.6090469438313,EXPOSE_CLIENT,Proxy 89,1,6,0,0,200
134,440.46810049666,EXPOSE_CLIENT,Proxy 87,3,3,0,0,200
135,441.11761210101946,EXPOSE_CLIENT,Proxy 89,2,6,0,0,200
136,445.1607704845597,EXPOSE_CLIENT,Proxy 94,0,1,0,0,200
137,446.53259357039616,EXPOSE_CLIENT,Proxy 89,3,6,0,0,200
138,447.8090403262268,EXPOSE_CLIENT,Proxy 94,1,1,0,0,200
139,448.9831622748389,EXPOSE_CLIENT,Proxy 89,4,6,0,0,200
140,450.20433243544693,EXPOSE_CLIENT,Proxy 89,5,6,0,0,200
141,453.01234904275674,EXPOSE_CLIENT,Proxy 89,6,6,0,0,200
142,460.75538852458516,EXPOSE_CLIENT,Proxy 90,0,6,0,0,200
143,461.1192650941201,EXPOSE_CLIENT,Proxy 94,2,1,0,0,200
144,461.8224968750052,EXPOSE_CLIENT,Proxy 90,1,6,0,0,200
145,468.43394822122406,EXPOSE_CLIENT,Proxy 93,1,1,0,0,200
146,474.1350358763341,EXPOSE_CLIENT,Proxy 93,2,3,0,0,200
147,485.4544105291899,EXPOSE_CLIENT,Proxy 95,1,3,0,0,200
148,485.70214127953795,EXPOSE_CLIENT,Proxy 98,0,2,0,0,200
149,490.037896561902,EXPOSE_CLIENT,Proxy 96,2,1,0,0,200
150,492.0540595973895,EXPOSE_CLIENT,Proxy 98,1,2,0,0,200
151,498.5633350044507,EXPOSE_CLIENT,Proxy 99,0,3,0,0,200
152,500.7965930499918,EXPOSE_CLIENT,Proxy 99,1,3,0,0,200
153,507.0096044352858,EXPOSE_CLIENT,Proxy 101,2,4,0,0,200
154,510.5175863743615,EXPOSE_CLIENT,Proxy 107,0,1,0,0,200
155,511.6609139674938,EXPOSE_CLIENT,Proxy 107,1,1,0,0,200
156,512.7585395150329,EXPOSE_CLIENT,Proxy 106,0,1,0,0,200
157,514.8098771079498,EXPOSE_CLIENT,Proxy 106,1,1,0,0,200
158,521.7276896776635,EXPOSE_CLIENT,Proxy 102,0,2,0,0,200
159,525.4519997670881,EXPOSE_CLIENT,Proxy 103,0,2,0,0,200
160,526.9385285994309,EXPOSE_CLIENT,Proxy 102,1,3,0,0,200
161,516.0,CENSOR_TRACK,,249,267,0,100,100
162,541.0807144377856,EXPOSE_CLIENT,Proxy 113,0,1,0,0,200
163,547.9068542424435,EXPOSE_CLIENT,Proxy 110,0,2,0,0,200
164,547.9439554465854,EXPOSE_CLIENT,Proxy 105,1,1,0,0,200
165,549.2745249914568,EXPOSE_CLIENT,Proxy 109,2,2,0,0,200
166,554.8722482745485,EXPOSE_CLIENT,Proxy 107,2,1,0,0,200
167,557.9913757472442,EXPOSE_CLIENT,Proxy 108,1,4,0,0,200
168,563.0213262017314,EXPOSE_CLIENT,Proxy 109,3,2,0,0,200
169,563.2397727287887,EXPOSE_CLIENT,Proxy 108,2,4,0,0,200
170,564.5404515206229,EXPOSE_CLIENT,Proxy 108,3,4,0,0,200
171,568.0735881663692,EXPOSE_CLIENT,Proxy 116,0,1,0,0,200
172,570.0249487326308,EXPOSE_CLIENT,Proxy 113,1,1,0,0,200
173,574.7856476348567,EXPOSE_CLIENT,Proxy 115,1,1,0,0,200
174,576.480872817576,EXPOSE_CLIENT,Proxy 113,2,2,0,0,200
175,580.4675114511244,EXPOSE_CLIENT,Proxy 113,3,2,0,0,200
176,582.1551097074978,EXPOSE_CLIENT,Proxy 116,1,1,0,0,200
177,586.5626932305803,EXPOSE_CLIENT,Proxy 112,0,4,0,0,200
178,594.4121092041428,EXPOSE_CLIENT,Proxy 112,1,5,0,0,200
179,596.3573853192456,EXPOSE_CLIENT,Proxy 120,0,2,0,0,200
180,596.5503590219105,EXPOSE_CLIENT,Proxy 113,4,3,0,0,200
181,602.0310025741767,EXPOSE_CLIENT,Proxy 114,2,2,0,0,200
182,603.4894975706127,EXPOSE_CLIENT,Proxy 118,0,2,0,0,200
183,606.5783053452404,EXPOSE_CLIENT,Proxy 116,2,1,0,0,200
184,606.9412578679242,EXPOSE_CLIENT,Proxy 118,1,2,0,0,200
185,607.630761541855,EXPOSE_CLIENT,Proxy 116,3,1,0,0,200
186,610.328104297841,EXPOSE_CLIENT,Proxy 116,4,1,0,0,200
187,619.7829889129686,EXPOSE_CLIENT,Proxy 119,2,1,0,0,200
188,622.4730146842979,EXPOSE_CLIENT,Proxy 119,3,2,0,0,200
189,625.1048814720176,EXPOSE_CLIENT,Proxy 119,4,2,0,0,200
190,627.5833834142672,EXPOSE_CLIENT,Proxy 126,0,1,0,0,200
191,631.1751193064392,EXPOSE_CLIENT,Proxy 128,0,1,0,0,200
192,633.6453424740712,EXPOSE_CLIENT,Proxy 120,1,2,0,0,200
193,636.0575223771754,EXPOSE_CLIENT,Proxy 128,1,2,0,0,200
194,637.6579952823658,EXPOSE_CLIENT,Proxy 125,1,2,0,0,200
195,637.7619096340989,EXPOSE_CLIENT,Proxy 123,2,2,0,0,200
196,641.868649321843,EXPOSE_CLIENT,Proxy 126,1,2,0,0,200
197,645.1992422698563,EXPOSE_CLIENT,Proxy 124,0,1,0,0,200
198,647.6752771269082,EXPOSE_CLIENT,Proxy 125,2,4,0,0,200
199,648.5127674727742,EXPOSE_CLIENT,Proxy 124,1,1,0,0,200
200,650.5085157111612,EXPOSE_CLIENT,Proxy 126,2,3,0,0,200
201,657.8385527135557,EXPOSE_CLIENT,Proxy 126,3,3,0,0,200
202,659.0977899903603,EXPOSE_CLIENT,Proxy 127,1,3,0,0,200
203,637.0,CENSOR_TRACK,,311,326,0,120,80
204,664.4223777805538,EXPOSE_CLIENT,Proxy 135,0,1,0,0,200
205,668.074225467532,EXPOSE_CLIENT,Proxy 127,2,3,0,0,200
206,668.9808232547953,EXPOSE_CLIENT,Proxy 135,1,1,0,0,200
207,674.6623230527263,EXPOSE_CLIENT,Proxy 128,2,3,0,0,200
208,677.6606173089532,EXPOSE_CLIENT,Proxy 133,2,1,0,0,200
209,682.3346156054988,EXPOSE_CLIENT,Proxy 137,0,1,0,0,200
210,683.1132040768724,EXPOSE_CLIENT,Proxy 135,2,2,0,0,200
211,688.2935737135433,EXPOSE_CLIENT,Proxy 134,0,1,0,0,200
212,691.604663296251,EXPOSE_CLIENT,Proxy 135,3,3,0,0,200
213,698.4528765039637,EXPOSE_CLIENT,Proxy 139,0,1,0,0,200
214,700.3862457927172,EXPOSE_CLIENT,Proxy 138,1,2,0,0,200
215,703.677598329111,EXPOSE_CLIENT,Proxy 136,1,3,0,0,200
216,707.6767770113536,EXPOSE_CLIENT,Proxy 137,1,2,0,0,200
217,708.3822219708778,EXPOSE_CLIENT,Proxy 136,2,3,0,0,200
218,709.1757109074666,EXPOSE_CLIENT,Proxy 137,2,2,0,0,200
219,714.2552547851418,EXPOSE_CLIENT,Proxy 138,2,2,0,0,200
220,717.2026374111888,EXPOSE_CLIENT,Proxy 139,1,1,0,0,200
221,719.4566166946995,EXPOSE_CLIENT,Proxy 139,2,1,0,0,200
222,720.4127606129726,EXPOSE_CLIENT,Proxy 138,3,2,0,0,200
223,727.4418548212639,EXPOSE_CLIENT,Proxy 144,0,2,0,0,200
224,728.4895500258234,EXPOSE_CLIENT,Proxy 143,0,1,0,0,200
225,735.0039516699896,EXPOSE_CLIENT,Proxy 141,2,2,0,0,200
226,754.2912889188297,EXPOSE_CLIENT,Proxy 147,0,2,0,0,200
227,755.0608120319575,EXPOSE_CLIENT,Proxy 148,0,3,0,0,200
228,725.0,CENSOR_TRACK,,343,382,0,140,60
229,770.307990123161,EXPOSE_CLIENT,Proxy 150,0,2,0,0,200
230,771.1787579576314,EXPOSE_CLIENT,Proxy 146,0,6,0,0,200
231,775.0632211360243,EXPOSE_CLIENT,Proxy 153,0,2,0,0,200
232,780.1581497842711,EXPOSE_CLIENT,Proxy 153,1,2,0,0,200
233,782.1169592203155,EXPOSE_CLIENT,Proxy 150,1,2,0,0,200
234,791.9146337734704,EXPOSE_CLIENT,Proxy 153,2,2,0,0,200
235,795.625316871353,EXPOSE_CLIENT,Proxy 155,2,4,0,0,200
236,796.5592966503427,EXPOSE_CLIENT,Proxy 153,3,2,0,0,200
237,799.9686539714478,EXPOSE_CLIENT,Proxy 154,1,2,0,0,200
238,801.1710638232555,EXPOSE_CLIENT,Proxy 153,4,2,0,0,200
239,811.549537343212,EXPOSE_CLIENT,Proxy 158,0,1,0,0,200
240,820.4684818478147,EXPOSE_CLIENT,Proxy 161,0,1,0,0,200
241,842.7610730859321,EXPOSE_CLIENT,Proxy 156,6,1,0,0,200
242,843.0685488247751,EXPOSE_CLIENT,Proxy 158,1,2,0,0,200
243,845.1466974779607,EXPOSE_CLIENT,Proxy 159,0,2,0,0,200
244,848.0273606791387,EXPOSE_CLIENT,Proxy 162,3,1,0,0,200
245,850.7110846749263,EXPOSE_CLIENT,Proxy 162,4,1,0,0,200
246,851.3916956089396,EXPOSE_CLIENT,Proxy 159,1,2,0,0,200
247,851.696579869195,EXPOSE_CLIENT,Proxy 161,1,2,0,0,200
248,853.4113925994159,EXPOSE_CLIENT,Proxy 161,2,2,0,0,200
249,862.6430707683301,EXPOSE_CLIENT,Proxy 162,5,1,0,0,200
250,866.2084628423198,EXPOSE_CLIENT,Proxy 167,0,3,0,0,200
251,872.7224281279746,EXPOSE_CLIENT,Proxy 165,1,1,0,0,200
252,874.7256492711105,EXPOSE_CLIENT,Proxy 165,2,1,0,0,200
253,876.159123556898,EXPOSE_CLIENT,Proxy 171,0,1,0,0,200
254,876.4510110507648,EXPOSE_CLIENT,Proxy 171,1,1,0,0,200
255,877.7745362649986,EXPOSE_CLIENT,Proxy 165,3,1,0,0,200
256,879.1297363548167,EXPOSE_CLIENT,Proxy 167,1,4,0,0,200
257,879.3421467167209,EXPOSE_CLIENT,Proxy 165,4,1,0,0,200
258,882.1290750342696,EXPOSE_CLIENT,Proxy 167,2,5,0,0,200
259,891.694422362463,EXPOSE_CLIENT,Proxy 169,0,3,0,0,200
260,898.2183919973836,EXPOSE_CLIENT,Proxy 169,1,3,0,0,200
261,841.0,CENSOR_TRACK,,405,436,0,160,40
262,903.501103608946,EXPOSE_CLIENT,Proxy 168,1,2,0,0,200
263,904.0461500894197,EXPOSE_CLIENT,Proxy 168,2,2,0,0,200
264,904.3570616674144,EXPOSE_CLIENT,Proxy 176,1,2,0,0,200
265,906.1799177560721,EXPOSE_CLIENT,Proxy 169,2,3,0,0,200
266,908.0566717840279,EXPOSE_CLIENT,Proxy 176,2,2,0,0,200
267,911.111463523514,EXPOSE_CLIENT,Proxy 174,0,2,0,0,200
268,921.6519267948876,EXPOSE_CLIENT,Proxy 177,0,2,0,0,200
269,921.8004914317287,EXPOSE_CLIENT,Proxy 175,1,2,0,0,200
270,924.6639774360784,EXPOSE_CLIENT,Proxy 182,1,1,0,0,200
271,926.4606571547419,EXPOSE_CLIENT,Proxy 177,1,2,0,0,200
272,926.869053203911,EXPOSE_CLIENT,Proxy 175,2,3,0,0,200
273,933.5388903040481,EXPOSE_CLIENT,Proxy 182,2,2,0,0,200
274,953.7420598487594,EXPOSE_CLIENT,Proxy 181,1,4,0,0,200
275,958.9729866827442,EXPOSE_CLIENT,Proxy 181,2,5,0,0,200
276,959.7885456650714,EXPOSE_CLIENT,Proxy 181,3,5,0,0,200
277,969.7126246576413,EXPOSE_CLIENT,Proxy 182,3,3,0,0,200
278,983.1139366956247,EXPOSE_CLIENT,Proxy 189,1,2,0,0,200
279,985.8186468717092,EXPOSE_CLIENT,Proxy 185,0,3,0,0,200
280,988.2389835003315,EXPOSE_CLIENT,Proxy 191,0,1,0,0,200
281,989.3551531024588,EXPOSE_CLIENT,Proxy 193,0,1,0,0,200
282,990.2371153390329,EXPOSE_CLIENT,Proxy 189,2,3,0,0,200
283,993.4359119373859,EXPOSE_CLIENT,Proxy 193,1,2,0,0,200
284,994.6376427493034,EXPOSE_CLIENT,Proxy 189,3,4,0,0,200
285,997.2398964080454,EXPOSE_CLIENT,Proxy 196,1,1,0,0,200
286,1000.1163998767129,EXPOSE_CLIENT,Proxy 196,2,1,0,0,200
287,1008.9530784674763,EXPOSE_CLIENT,Proxy 194,0,1,0,0,200
288,1009.8364473966473,EXPOSE_CLIENT,Proxy 196,3,1,0,0,200
289,1015.0796711435158,EXPOSE_CLIENT,Proxy 196,4,1,0,0,200
290,1015.323787278929,EXPOSE_CLIENT,Proxy 194,1,2,0,0,200
291,965.0,CENSOR_TRACK,,473,492,0,180,20
292,1030.1861419861511,EXPOSE_CLIENT,Proxy 195,3,1,0,0,200
293,1033.5750321933308,EXPOSE_CLIENT,Proxy 1,0,3,0,0,200
294,1043.2255459094304,EXPOSE_CLIENT,Proxy 198,1,4,0,0,200
295,1047.1500516300027,EXPOSE_CLIENT,Proxy 2,1,1,0,0,200
296,1047.2785031682286,EXPOSE_CLIENT,Proxy 198,2,4,0,0,200
297,1048.6299064542939,EXPOSE_CLIENT,Proxy 0,1,2,0,0,200
298,1049.0299575773981,EXPOSE_CLIENT,Proxy 7,3,4,0,0,200
299,1050.5393483606706,EXPOSE_CLIENT,Proxy 1,1,5,0,0,200
300,1052.088591986987,EXPOSE_CLIENT,Proxy 2,2,1,0,0,200
301,1054.033383726582,EXPOSE_CLIENT,Proxy 2,3,1,0,0,200
302,1058.4570514052439,EXPOSE_CLIENT,Proxy 2,4,1,0,0,200
303,1058.5897750047664,EXPOSE_CLIENT,Proxy 1,2,6,0,0,200
304,1062.0062662774683,EXPOSE_CLIENT,Proxy 7,4,7,0,0,200
305,1063.8139296844627,EXPOSE_CLIENT,Proxy 8,2,4,0,0,200
306,1063.9038003298647,EXPOSE_CLIENT,Proxy 11,5,3,0,0,200
307,1070.744188390186,EXPOSE_CLIENT,Proxy 8,3,4,0,0,200
308,1072.5920042489493,EXPOSE_CLIENT,Proxy 5,0,1,0,0,200
309,1077.8962742909187,EXPOSE_CLIENT,Proxy 11,6,5,0,0,200
310,1078.7828108579986,EXPOSE_CLIENT,Proxy 12,2,3,0,0,200
311,1079.8840745093644,EXPOSE_CLIENT,Proxy 10,5,5,0,0,200
312,1082.0356831508966,EXPOSE_CLIENT,Proxy 12,3,3,0,0,200
313,1083.6846548402855,EXPOSE_CLIENT,Proxy 11,7,7,0,0,200
314,1088.3095119107968,EXPOSE_CLIENT,Proxy 9,2,6,0,0,200
315,1089.8986986706248,EXPOSE_CLIENT,Proxy 11,8,7,0,0,200
316,1091.9764985909796,EXPOSE_CLIENT,Proxy 14,2,3,0,0,200
317,1092.1846679233804,EXPOSE_CLIENT,Proxy 12,4,3,0,0,200
318,1092.627287000816,EXPOSE_CLIENT,Proxy 10,6,6,0,0,200
319,1093.461916203707,EXPOSE_CLIENT,Proxy 10,7,6,0,0,200
320,1095.6990949502701,EXPOSE_CLIENT,Proxy 18,5,3,0,0,200
321,1105.6882832942529,EXPOSE_CLIENT,Proxy 14,3,5,0,0,200
322,1109.4467967835253,EXPOSE_CLIENT,Proxy 21,1,1,0,0,200
323,1110.1025374816747,EXPOSE_CLIENT,Proxy 15,0,4,0,0,200
324,1110.2535037184473,EXPOSE_CLIENT,Proxy 20,1,1,0,0,200
325,1110.5158766197826,EXPOSE_CLIENT,Proxy 13,4,5,0,0,200
326,1112.5736540989576,EXPOSE_CLIENT,Proxy 15,1,4,0,0,200
327,1113.241336569243,EXPOSE_CLIENT,Proxy 18,6,5,0,0,200
328,1113.928881846151,EXPOSE_CLIENT,Proxy 17,3,4,0,0,200
329,1114.0612071850337,EXPOSE_CLIENT,Proxy 16,5,7,0,0,200
330,1119.419467532431,EXPOSE_CLIENT,Proxy 20,2,1,0,0,200
331,1120.7896505236404,EXPOSE_CLIENT,Proxy 21,2,2,0,0,200
332,1121.0767612162942,EXPOSE_CLIENT,Proxy 18,7,5,0,0,200
333,1122.4692468612732,EXPOSE_CLIENT,Proxy 24,1,5,0,0,200
334,1124.0989590414072,EXPOSE_CLIENT,Proxy 22,3,3,0,0,200
335,1128.2411259632586,EXPOSE_CLIENT,Proxy 27,1,1,0,0,200
336,1128.7190916070633,EXPOSE_CLIENT,Proxy 19,2,6,0,0,200
337,1129.2865355620963,EXPOSE_CLIENT,Proxy 19,3,6,0,0,200
338,1133.635221639858,EXPOSE_CLIENT,Proxy 25,3,4,0,0,200
339,1135.9298419787133,EXPOSE_CLIENT,Proxy 21,3,4,0,0,200
340,1137.940187054322,EXPOSE_CLIENT,Proxy 22,4,4,0,0,200
341,1139.0207636705718,EXPOSE_CLIENT,Proxy 24,2,5,0,0,200
342,1143.5724285550928,EXPOSE_CLIENT,Proxy 24,3,5,0,0,200
343,1144.8600994803564,EXPOSE_CLIENT,Proxy 24,4,5,0,0,200
344,1145.3857458781968,EXPOSE_CLIENT,Proxy 24,5,5,0,0,200
345,1146.5328626585485,EXPOSE_CLIENT,Proxy 30,2,4,0,0,200
346,1146.8050311005986,EXPOSE_CLIENT,Proxy 23,3,3,0,0,200
347,1149.5027362387316,EXPOSE_CLIENT,Proxy 27,2,1,0,0,200
348,1149.5684536929446,EXPOSE_CLIENT,Proxy 30,3,4,0,0,200
349,1149.8963579771948,EXPOSE_CLIENT,Proxy 27,3,1,0,0,200
350,1150.0118455640138,EXPOSE_CLIENT,Proxy 29,3,1,0,0,200
351,1150.4740430194393,EXPOSE_CLIENT,Proxy 29,4,1,0,0,200
352,1155.162149868257,EXPOSE_CLIENT,Proxy 30,4,4,0,0,200
353,1158.0441462076199,EXPOSE_CLIENT,Proxy 26,5,5,0,0,200
354,1161.7937112065479,EXPOSE_CLIENT,Proxy 29,5,2,0,0,200
355,1163.371891044684,EXPOSE_CLIENT,Proxy 35,6,3,0,0,200
356,1174.1304393968817,EXPOSE_CLIENT,Proxy 27,4,3,0,0,200
357,1175.1892106544642,EXPOSE_CLIENT,Proxy 33,0,5,0,0,200
358,1176.6823060808395,EXPOSE_CLIENT,Proxy 29,6,2,0,0,200
359,1179.7618151573918,EXPOSE_CLIENT,Proxy 36,2,4,0,0,200
360,1181.9593518410454,EXPOSE_CLIENT,Proxy 33,1,5,0,0,200
361,1182.039412370307,EXPOSE_CLIENT,Proxy 36,3,4,0,0,200
362,1183.7874903520094,EXPOSE_CLIENT,Proxy 34,4,1,0,0,200
363,1186.6442084504433,EXPOSE_CLIENT,Proxy 33,2,5,0,0,200
364,1188.4905349249964,EXPOSE_CLIENT,Proxy 35,7,3,0,0,200
365,1190.1078636257078,EXPOSE_CLIENT,Proxy 30,5,6,0,0,200
366,1190.343203131169,EXPOSE_CLIENT,Proxy 35,8,3,0,0,200
367,1190.5567887377115,EXPOSE_CLIENT,Proxy 35,9,3,0,0,200
368,1193.4357326103927,EXPOSE_CLIENT,Proxy 31,0,6,0,0,200
369,1195.2030919819388,EXPOSE_CLIENT,Proxy 38,2,5,0,0,200
370,1197.0802866438567,EXPOSE_CLIENT,Proxy 34,5,2,0,0,200
371,1199.4701823810456,EXPOSE_CLIENT,Proxy 37,3,3,0,0,200
372,1202.7028732430485,EXPOSE_CLIENT,Proxy 36,4,5,0,0,200
373,1204.3804826221244,EXPOSE_CLIENT,Proxy 40,0,3,0,0,200
374,1206.359232511121,EXPOSE_CLIENT,Proxy 34,6,3,0,0,200
375,1206.6154382000118,EXPOSE_CLIENT,Proxy 41,0,4,0,0,200
376,1207.546238090661,EXPOSE_CLIENT,Proxy 37,4,3,0,0,200
377,1207.990641387966,EXPOSE_CLIENT,Proxy 36,5,5,0,0,200
378,1210.9197879441535,EXPOSE_CLIENT,Proxy 36,6,5,0,0,200
379,1216.03648232301,EXPOSE_CLIENT,Proxy 40,1,3,0,0,200
380,1219.3238980099115,EXPOSE_CLIENT,Proxy 35,10,5,0,0,200
381,1219.5815853801637,EXPOSE_CLIENT,Proxy 37,5,3,0,0,200
382,1222.562826702279,EXPOSE_CLIENT,Proxy 44,1,4,0,0,200
383,1224.4606494109248,EXPOSE_CLIENT,Proxy 37,6,3,0,0,200
384,1224.9125729408743,EXPOSE_CLIENT,Proxy 44,2,4,0,0,200
385,1226.0261607990367,EXPOSE_CLIENT,Proxy 42,4,2,0,0,200
386,1233.915711233902,EXPOSE_CLIENT,Proxy 41,1,6,0,0,200
387,1235.6565612539805,EXPOSE_CLIENT,Proxy 40,2,4,0,0,200
388,1236.6143790193155,EXPOSE_CLIENT,Proxy 46,2,3,0,0,200
389,1238.7519319609241,EXPOSE_CLIENT,Proxy 41,2,6,0,0,200
390,1243.4938583956048,EXPOSE_CLIENT,Proxy 41,3,7,0,0,200
391,1248.712874508689,EXPOSE_CLIENT,Proxy 46,3,4,0,0,200
392,1249.6104306478683,EXPOSE_CLIENT,Proxy 50,1,3,0,0,200
393,1255.1292264988886,EXPOSE_CLIENT,Proxy 45,0,4,0,0,200
394,1256.9941586008567,EXPOSE_CLIENT,Proxy 50,2,4,0,0,200
395,1258.378087264059,EXPOSE_CLIENT,Proxy 48,5,6,0,0,200
396,1259.0039331513142,EXPOSE_CLIENT,Proxy 54,4,1,0,0,200
397,1259.656276090536,EXPOSE_CLIENT,Proxy 49,2,4,0,0,200
398,1263.0264742823088,EXPOSE_CLIENT,Proxy 48,6,6,0,0,200
399,1268.6225597887283,EXPOSE_CLIENT,Proxy 54,5,3,0,0,200
400,1269.7724263651967,EXPOSE_CLIENT,Proxy 55,0,1,0,0,200
401,1270.7206086225176,EXPOSE_CLIENT,Proxy 51,5,4,0,0,200
402,1274.6601580871495,EXPOSE_CLIENT,Proxy 51,6,5,0,0,200
403,1275.321284108128,EXPOSE_CLIENT,Proxy 55,1,1,0,0,200
404,1278.7037503232505,EXPOSE_CLIENT,Proxy 54,6,3,0,0,200
405,1280.127736115536,EXPOSE_CLIENT,Proxy 55,2,2,0,0,200
406,1284.0122818810305,EXPOSE_CLIENT,Proxy 55,3,3,0,0,200
407,1284.818479083978,EXPOSE_CLIENT,Proxy 57,1,3,0,0,200
408,1286.3367425201839,EXPOSE_CLIENT,Proxy 54,7,3,0,0,200
409,1290.7139670734514,EXPOSE_CLIENT,Proxy 54,8,3,0,0,200
410,1291.013122145875,EXPOSE_CLIENT,Proxy 59,1,3,0,0,200
411,1291.1931954641036,EXPOSE_CLIENT,Proxy 57,2,4,0,0,200
412,1292.4650488196598,EXPOSE_CLIENT,Proxy 51,7,7,0,0,200
413,1293.601626132671,EXPOSE_CLIENT,Proxy 55,4,3,0,0,200
414,1293.9848596763406,EXPOSE_CLIENT,Proxy 56,2,1,0,0,200
415,1294.6912713241134,EXPOSE_CLIENT,Proxy 58,1,3,0,0,200
416,1294.7535204790765,EXPOSE_CLIENT,Proxy 52,5,1,0,0,200
417,1294.8663752699222,EXPOSE_CLIENT,Proxy 56,3,2,0,0,200
418,1295.7973038612547,EXPOSE_CLIENT,Proxy 59,2,3,0,0,200
419,1296.3014690156012,EXPOSE_CLIENT,Proxy 58,2,3,0,0,200
420,1296.4874775301962,EXPOSE_CLIENT,Proxy 56,4,2,0,0,200
421,1303.854490478729,EXPOSE_CLIENT,Proxy 55,5,3,0,0,200
422,1304.9127886256852,EXPOSE_CLIENT,Proxy 56,5,7,0,0,200
423,1304.9705548844129,EXPOSE_CLIENT,Proxy 64,3,3,0,0,200
424,1308.6788670040291,EXPOSE_CLIENT,Proxy 65,2,3,0,0,200
425,1310.249873992542,EXPOSE_CLIENT,Proxy 58,3,6,0,0,200
426,1310.4186031891381,EXPOSE_CLIENT,Proxy 60,4,3,0,0,200
427,1312.2709268078222,EXPOSE_CLIENT,Proxy 65,3,3,0,0,200
428,1314.2539474031776,EXPOSE_CLIENT,Proxy 58,4,6,0,0,200
429,1315.7852534040087,EXPOSE_CLIENT,Proxy 63,2,3,0,0,200
430,1316.5886905836528,EXPOSE_CLIENT,Proxy 66,0,3,0,0,200
431,1320.9772579250496,EXPOSE_CLIENT,Proxy 66,1,3,0,0,200
432,1323.2693723385987,EXPOSE_CLIENT,Proxy 64,4,4,0,0,200
433,1324.8562670852707,EXPOSE_CLIENT,Proxy 62,3,5,0,0,200
434,1325.6634480191576,EXPOSE_CLIENT,Proxy 68,2,2,0,0,200
435,1327.9810811478665,EXPOSE_CLIENT,Proxy 69,3,5,0,0,200
436,1328.027608391576,EXPOSE_CLIENT,Proxy 69,4,5,0,0,200
437,1329.9048844540905,EXPOSE_CLIENT,Proxy 67,2,5,0,0,200
438,1336.1717408751308,EXPOSE_CLIENT,Proxy 69,5,5,0,0,200
439,1336.863120156262,EXPOSE_CLIENT,Proxy 71,1,3,0,0,200
440,1339.77368577833,EXPOSE_CLIENT,Proxy 65,4,5,0,0,200
441,1341.8208657695784,EXPOSE_CLIENT,Proxy 63,3,4,0,0,200
442,1344.0542491686015,EXPOSE_CLIENT,Proxy 67,3,6,0,0,200
443,1344.1834845890091,EXPOSE_CLIENT,Proxy 68,3,4,0,0,200
444,1344.63843476867,EXPOSE_CLIENT,Proxy 66,2,4,0,0,200
445,1344.8246239611028,EXPOSE_CLIENT,Proxy 64,5,5,0,0,200
446,1347.0812185875113,EXPOSE_CLIENT,Proxy 66,3,4,0,0,200
447,1350.0526760007047,EXPOSE_CLIENT,Proxy 71,2,4,0,0,200
448,1351.3007194287638,EXPOSE_CLIENT,Proxy 72,1,1,0,0,200
449,1351.9263234737184,EXPOSE_CLIENT,Proxy 69,6,7,0,0,200
450,1354.6403710219672,EXPOSE_CLIENT,Proxy 66,4,4,0,0,200
451,1357.2435199087424,EXPOSE_CLIENT,Proxy 72,2,1,0,0,200
452,1360.381900940862,EXPOSE_CLIENT,Proxy 69,7,8,0,0,200
453,1360.77141854304,EXPOSE_CLIENT,Proxy 72,3,1,0,0,200
454,1361.560401542755,EXPOSE_CLIENT,Proxy 76,3,3,0,0,200
455,1366.810125973834,EXPOSE_CLIENT,Proxy 76,4,4,0,0,200
456,1367.9130454321153,EXPOSE_CLIENT,Proxy 71,3,6,0,0,200
457,1370.8640249464509,EXPOSE_CLIENT,Proxy 74,6,2,0,0,200
458,1371.3183054165843,EXPOSE_CLIENT,Proxy 73,1,3,0,0,200
459,1373.0352036848485,EXPOSE_CLIENT,Proxy 73,2,3,0,0,200
460,1374.3018733650363,EXPOSE_CLIENT,Proxy 74,7,2,0,0,200
461,1376.0901856689234,EXPOSE_CLIENT,Proxy 79,3,3,0,0,200
462,1376.1203260171046,EXPOSE_CLIENT,Proxy 74,8,2,0,0,200
463,1377.945155053836,EXPOSE_CLIENT,Proxy 76,5,5,0,0,200
464,1381.023827478203,EXPOSE_CLIENT,Proxy 75,4,3,0,0,200
465,1383.254430559261,EXPOSE_CLIENT,Proxy 80,7,5,0,0,200
466,1393.4337117321447,EXPOSE_CLIENT,Proxy 80,8,6,0,0,200
467,1394.8211830479072,EXPOSE_CLIENT,Proxy 78,0,2,0,0,200
468,1399.332432582594,EXPOSE_CLIENT,Proxy 79,4,3,0,0,200
469,1402.1280415202996,EXPOSE_CLIENT,Proxy 74,9,3,0,0,200
470,1403.6871441816713,EXPOSE_CLIENT,Proxy 74,10,3,0,0,200
471,1404.6499174402175,EXPOSE_CLIENT,Proxy 74,11,3,0,0,200
472,1406.531887637446,EXPOSE_CLIENT,Proxy 83,4,1,0,0,200
473,1406.5620094622939,EXPOSE_CLIENT,Proxy 74,12,3,0,0,200
474,1408.8102295018498,EXPOSE_CLIENT,Proxy 76,6,7,0,0,200
475,1412.1468243719144,EXPOSE_CLIENT,Proxy 80,9,6,0,0,200
476,1416.530652396917,EXPOSE_CLIENT,Proxy 80,10,6,0,0,200
477,1418.3127374689338,EXPOSE_CLIENT,Proxy 84,2,2,0,0,200
478,1419.0083661009253,EXPOSE_CLIENT,Proxy 77,1,6,0,0,200
479,1423.434615822619,EXPOSE_CLIENT,Proxy 77,2,6,0,0,200
480,1424.0444630683014,EXPOSE_CLIENT,Proxy 83,5,1,0,0,200
481,1424.3362048698684,EXPOSE_CLIENT,Proxy 86,0,1,0,0,200
482,1424.8273175425097,EXPOSE_CLIENT,Proxy 82,1,5,0,0,200
483,1434.0041888074966,EXPOSE_CLIENT,Proxy 88,0,3,0,0,200
484,1439.913203051241,EXPOSE_CLIENT,Proxy 82,2,5,0,0,200
485,1439.9488472591102,EXPOSE_CLIENT,Proxy 84,3,5,0,0,200
486,1442.0204512830235,EXPOSE_CLIENT,Proxy 81,2,2,0,0,200
487,1443.9760961513937,EXPOSE_CLIENT,Proxy 86,1,1,0,0,200
488,1446.947359730661,EXPOSE_CLIENT,Proxy 86,2,1,0,0,200
489,1457.1256164495762,EXPOSE_CLIENT,Proxy 87,4,7,0,0,200
490,1463.2300823475628,EXPOSE_CLIENT,Proxy 90,2,7,0,0,200
491,1463.5778548690482,EXPOSE_CLIENT,Proxy 93,3,3,0,0,200
492,1464.6059180198813,EXPOSE_CLIENT,Proxy 90,3,7,0,0,200
493,1465.174538156771,EXPOSE_CLIENT,Proxy 93,4,4,0,0,200
494,1465.538456028651,EXPOSE_CLIENT,Proxy 85,1,8,0,0,200
495,1467.3371136557148,EXPOSE_CLIENT,Proxy 86,3,2,0,0,200
496,1467.6848414947622,EXPOSE_CLIENT,Proxy 87,5,8,0,0,200
497,1467.7111599681332,EXPOSE_CLIENT,Proxy 90,4,7,0,0,200
498,1472.1904900423378,EXPOSE_CLIENT,Proxy 88,1,5,0,0,200
499,1474.2805179712373,EXPOSE_CLIENT,Proxy 97,2,2,0,0,200
500,1476.145124977708,EXPOSE_CLIENT,Proxy 97,3,2,0,0,200
501,1477.4679505829047,EXPOSE_CLIENT,Proxy 95,2,3,0,0,200
502,1477.6919378113605,EXPOSE_CLIENT,Proxy 94,3,2,0,0,200
503,1480.4008865627898,EXPOSE_CLIENT,Proxy 90,5,8,0,0,200
504,1481.200437016266,EXPOSE_CLIENT,Proxy 95,3,3,0,0,200
505,1482.5338186730633,EXPOSE_CLIENT,Proxy 94,4,2,0,0,200
506,1486.8347893379057,EXPOSE_CLIENT,Proxy 92,2,2,0,0,200
507,1489.3678068428637,EXPOSE_CLIENT,Proxy 96,3,3,0,0,200
508,1491.976166582332,EXPOSE_CLIENT,Proxy 96,4,4,0,0,200
509,1495.8694883112332,EXPOSE_CLIENT,Proxy 96,5,4,0,0,200
510,1496.8456831843903,EXPOSE_CLIENT,Proxy 100,1,5,0,0,200
511,1499.6036904092157,EXPOSE_CLIENT,Proxy 97,4,4,0,0,200
512,1501.1972300024381,EXPOSE_CLIENT,Proxy 94,5,3,0,0,200
513,1502.1357826696483,EXPOSE_CLIENT,Proxy 101,3,4,0,0,200
514,1503.1235500710197,EXPOSE_CLIENT,Proxy 97,5,4,0,0,200
515,1503.2468866479542,EXPOSE_CLIENT,Proxy 95,4,3,0,0,200
516,1504.32964905141,EXPOSE_CLIENT,Proxy 96,6,5,0,0,200
517,1506.4099335063318,EXPOSE_CLIENT,Proxy 98,2,3,0,0,200
518,1506.5854624105455,EXPOSE_CLIENT,Proxy 94,6,4,0,0,200
519,1506.6636989591211,EXPOSE_CLIENT,Proxy 98,3,3,0,0,200
520,1511.4200914080886,EXPOSE_CLIENT,Proxy 97,6,4,0,0,200
521,1518.5094490528536,EXPOSE_CLIENT,Proxy 105,2,1,0,0,200
522,1521.2200439188205,EXPOSE_CLIENT,Proxy 101,4,6,0,0,200
523,1521.4207369674164,EXPOSE_CLIENT,Proxy 97,7,5,0,0,200
524,1524.5030456421628,EXPOSE_CLIENT,Proxy 97,8,5,0,0,200
525,1530.8195180496732,EXPOSE_CLIENT,Proxy 102,2,5,0,0,200
526,1531.1086860227952,EXPOSE_CLIENT,Proxy 103,1,2,0,0,200
527,1531.792770853314,EXPOSE_CLIENT,Proxy 102,3,5,0,0,200
528,1533.4303726373357,EXPOSE_CLIENT,Proxy 102,4,5,0,0,200
529,1534.0946380524877,EXPOSE_CLIENT,Proxy 101,5,7,0,0,200
530,1534.276309328019,EXPOSE_CLIENT,Proxy 108,4,4,0,0,200
531,1534.4320771364055,EXPOSE_CLIENT,Proxy 99,2,9,0,0,200
532,1534.5056108009944,EXPOSE_CLIENT,Proxy 102,5,5,0,0,200
533,1534.8312181709528,EXPOSE_CLIENT,Proxy 102,6,5,0,0,200
534,1535.4659696331046,EXPOSE_CLIENT,Proxy 105,3,1,0,0,200
535,1535.9351941346852,EXPOSE_CLIENT,Proxy 109,4,2,0,0,200
536,1536.4004320064014,EXPOSE_CLIENT,Proxy 105,4,1,0,0,200
537,1536.8181146148193,EXPOSE_CLIENT,Proxy 101,6,7,0,0,200
538,1537.5022469632431,EXPOSE_CLIENT,Proxy 101,7,7,0,0,200
539,1539.874936613879,EXPOSE_CLIENT,Proxy 108,5,4,0,0,200
540,1541.385480296872,EXPOSE_CLIENT,Proxy 107,3,1,0,0,200
541,1554.2150393818786,EXPOSE_CLIENT,Proxy 111,1,5,0,0,200
542,1557.8406522320156,EXPOSE_CLIENT,Proxy 109,5,3,0,0,200
543,1559.6614659260042,EXPOSE_CLIENT,Proxy 105,5,3,0,0,200
544,1560.4198312847273,EXPOSE_CLIENT,Proxy 111,2,5,0,0,200
545,1562.2590986233454,EXPOSE_CLIENT,Proxy 112,2,7,0,0,200
546,1562.5096729057657,EXPOSE_CLIENT,Proxy 115,2,3,0,0,200
547,1564.6725424678395,EXPOSE_CLIENT,Proxy 107,4,2,0,0,200
548,1565.0782599337672,EXPOSE_CLIENT,Proxy 113,5,3,0,0,200
549,1569.0721659281098,EXPOSE_CLIENT,Proxy 107,5,2,0,0,200
550,1570.1396157350487,EXPOSE_CLIENT,Proxy 111,3,5,0,0,200
551,1572.2226750180325,EXPOSE_CLIENT,Proxy 113,6,3,0,0,200
552,1574.0657149680012,EXPOSE_CLIENT,Proxy 114,3,4,0,0,200
553,1576.4590378279786,EXPOSE_CLIENT,Proxy 114,4,4,0,0,200
554,1577.581587506181,EXPOSE_CLIENT,Proxy 113,7,4,0,0,200
555,1580.5644010094409,EXPOSE_CLIENT,Proxy 117,1,2,0,0,200
556,1581.2902892439113,EXPOSE_CLIENT,Proxy 109,6,4,0,0,200
557,1588.063733048921,EXPOSE_CLIENT,Proxy 119,5,2,0,0,200
558,1592.9336377402046,EXPOSE_CLIENT,Proxy 112,3,7,0,0,200
559,1593.923642133706,EXPOSE_CLIENT,Proxy 119,6,2,0,0,200
560,1601.9808958830226,EXPOSE_CLIENT,Proxy 119,7,2,0,0,200
561,1603.741526025195,EXPOSE_CLIENT,Proxy 118,2,4,0,0,200
562,1603.9800953554407,EXPOSE_CLIENT,Proxy 121,1,1,0,0,200
563,1606.5717565955065,EXPOSE_CLIENT,Proxy 113,8,5,0,0,200
564,1607.0814017094626,EXPOSE_CLIENT,Proxy 113,9,5,0,0,200
565,1610.506421283841,EXPOSE_CLIENT,Proxy 122,1,3,0,0,200
566,1615.906381491662,EXPOSE_CLIENT,Proxy 123,3,4,0,0,200
567,1620.156346394725,EXPOSE_CLIENT,Proxy 124,2,1,0,0,200
568,1622.3782785495923,EXPOSE_CLIENT,Proxy 125,3,4,0,0,200
569,1624.0585477170814,EXPOSE_CLIENT,Proxy 120,2,4,0,0,200
570,1624.2433102975144,EXPOSE_CLIENT,Proxy 122,2,5,0,0,200
571,1626.0281772154876,EXPOSE_CLIENT,Proxy 119,8,4,0,0,200
572,1627.3544157311158,EXPOSE_CLIENT,Proxy 126,4,3,0,0,200
573,1628.400953089689,EXPOSE_CLIENT,Proxy 123,4,4,0,0,200
574,1629.6219869286388,EXPOSE_CLIENT,Proxy 125,4,5,0,0,200
575,1630.0022132591237,EXPOSE_CLIENT,Proxy 123,5,4,0,0,200
576,1632.0465743893867,EXPOSE_CLIENT,Proxy 126,5,3,0,0,200
577,1635.145736976368,EXPOSE_CLIENT,Proxy 119,9,4,0,0,200
578,1638.2999431352291,EXPOSE_CLIENT,Proxy 120,3,5,0,0,200
579,1639.9564776556974,EXPOSE_CLIENT,Proxy 125,5,6,0,0,200
580,1640.5575492435053,EXPOSE_CLIENT,Proxy 120,4,5,0,0,200
581,1641.6715769013117,EXPOSE_CLIENT,Proxy 125,6,6,0,0,200
582,1642.1019199139262,EXPOSE_CLIENT,Proxy 128,3,3,0,0,200
583,1642.2297770662801,EXPOSE_CLIENT,Proxy 128,4,3,0,0,200
584,1643.0327961426324,EXPOSE_CLIENT,Proxy 122,3,6,0,0,200
585,1644.003716899031,EXPOSE_CLIENT,Proxy 124,3,1,0,0,200
586,1646.179912149461,EXPOSE_CLIENT,Proxy 128,5,4,0,0,200
587,1648.3568270856424,EXPOSE_CLIENT,Proxy 128,6,4,0,0,200
588,1650.121820962739,EXPOSE_CLIENT,Proxy 127,3,4,0,0,200
589,1650.8743819550907,EXPOSE_CLIENT,Proxy 131,3,1,0,0,200
590,1650.9458294883873,EXPOSE_CLIENT,Proxy 126,6,4,0,0,200
591,1651.5762765564405,EXPOSE_CLIENT,Proxy 129,0,2,0,0,200
592,1655.6161955723853,EXPOSE_CLIENT,Proxy 126,7,5,0,0,200
593,1667.2529692668418,EXPOSE_CLIENT,Proxy 131,4,2,0,0,200
594,1669.5926239229177,EXPOSE_CLIENT,Proxy 128,7,4,0,0,200
595,1674.2045103535413,EXPOSE_CLIENT,Proxy 132,1,2,0,0,200
596,1675.584558915124,EXPOSE_CLIENT,Proxy 131,5,2,0,0,200
597,1677.0691021695902,EXPOSE_CLIENT,Proxy 133,3,2,0,0,200
598,1678.8690677812597,EXPOSE_CLIENT,Proxy 133,4,2,0,0,200
599,1680.8875797191683,EXPOSE_CLIENT,Proxy 131,6,2,0,0,200
600,1683.7582380080453,EXPOSE_CLIENT,Proxy 134,1,3,0,0,200
601,1684.5158974870033,EXPOSE_CLIENT,Proxy 132,2,2,0,0,200
602,1686.0486059249117,EXPOSE_CLIENT,Proxy 135,4,4,0,0,200
603,1686.2401507242164,EXPOSE_CLIENT,Proxy 128,8,4,0,0,200
604,1687.887046116105,EXPOSE_CLIENT,Proxy 129,1,6,0,0,200
605,1691.7198934569533,EXPOSE_CLIENT,Proxy 130,4,6,0,0,200
606,1691.8397923952514,EXPOSE_CLIENT,Proxy 131,7,2,0,0,200
607,1691.9829824743035,EXPOSE_CLIENT,Proxy 129,2,6,0,0,200
608,1697.6343334205428,EXPOSE_CLIENT,Proxy 133,5,2,0,0,200
609,1699.004681787762,EXPOSE_CLIENT,Proxy 136,3,8,0,0,200
610,1699.0487517668794,EXPOSE_CLIENT,Proxy 131,8,2,0,0,200
611,1699.8558179305885,EXPOSE_CLIENT,Proxy 134,2,3,0,0,200
612,1699.86746209834,EXPOSE_CLIENT,Proxy 139,3,1,0,0,200
613,1702.1796762260078,EXPOSE_CLIENT,Proxy 132,3,3,0,0,200
614,1703.6044447160855,EXPOSE_CLIENT,Proxy 135,5,5,0,0,200
615,1705.5276492569826,EXPOSE_CLIENT,Proxy 136,4,8,0,0,200
616,1706.8229147664674,EXPOSE_CLIENT,Proxy 133,6,2,0,0,200
617,1708.0035905778154,EXPOSE_CLIENT,Proxy 135,6,5,0,0,200
618,1710.3894966837274,EXPOSE_CLIENT,Proxy 140,1,1,0,0,200
619,1714.8857646469646,EXPOSE_CLIENT,Proxy 140,2,1,0,0,200
620,1715.344189471888,EXPOSE_CLIENT,Proxy 141,3,3,0,0,200
621,1717.135399737471,EXPOSE_CLIENT,Proxy 144,1,3,0,0,200
622,1717.3583442008594,EXPOSE_CLIENT,Proxy 144,2,3,0,0,200
623,1719.5451266490913,EXPOSE_CLIENT,Proxy 141,4,4,0,0,200
624,1723.0112959793178,EXPOSE_CLIENT,Proxy 143,1,4,0,0,200
625,1723.417589886414,EXPOSE_CLIENT,Proxy 137,3,3,0,0,200
626,1725.0242820289204,EXPOSE_CLIENT,Proxy 138,4,3,0,0,200
627,1732.733230090707,EXPOSE_CLIENT,Proxy 144,3,3,0,0,200
628,1734.7029610702873,EXPOSE_CLIENT,Proxy 144,4,3,0,0,200
629,1736.516411837697,EXPOSE_CLIENT,Proxy 137,4,4,0,0,200
630,1736.9258494419153,EXPOSE_CLIENT,Proxy 141,5,5,0,0,200
631,1737.9837729407107,EXPOSE_CLIENT,Proxy 147,1,3,0,0,200
632,1738.3438602500619,EXPOSE_CLIENT,Proxy 144,5,3,0,0,200
633,1739.1696778405892,EXPOSE_CLIENT,Proxy 141,6,5,0,0,200
634,1741.9939921099515,EXPOSE_CLIENT,Proxy 141,7,5,0,0,200
635,1746.783334425458,EXPOSE_CLIENT,Proxy 148,1,4,0,0,200
636,1748.1630584979516,EXPOSE_CLIENT,Proxy 145,0,6,0,0,200
637,1752.8459878370732,EXPOSE_CLIENT,Proxy 147,2,3,0,0,200
638,1754.5775102192035,EXPOSE_CLIENT,Proxy 150,2,3,0,0,200
639,1755.488677365811,EXPOSE_CLIENT,Proxy 145,1,6,0,0,200
640,1757.2623474111133,EXPOSE_CLIENT,Proxy 144,6,5,0,0,200
641,1759.4945835850588,EXPOSE_CLIENT,Proxy 145,2,6,0,0,200
642,1760.7531275586794,EXPOSE_CLIENT,Proxy 147,3,3,0,0,200
643,1760.910350056864,EXPOSE_CLIENT,Proxy 150,3,4,0,0,200
644,1765.3797273288262,EXPOSE_CLIENT,Proxy 147,4,3,0,0,200
645,1767.881939840303,EXPOSE_CLIENT,Proxy 146,1,12,0,0,200
646,1771.4678615341786,EXPOSE_CLIENT,Proxy 147,5,3,0,0,200
647,1771.5881539227796,EXPOSE_CLIENT,Proxy 150,4,5,0,0,200
648,1771.9916117829698,EXPOSE_CLIENT,Proxy 147,6,3,0,0,200
649,1774.2190943070354,EXPOSE_CLIENT,Proxy 147,7,3,0,0,200
650,1774.695958869415,EXPOSE_CLIENT,Proxy 157,2,4,0,0,200
651,1781.8230564444048,EXPOSE_CLIENT,Proxy 152,0,2,0,0,200
652,1784.4318137713442,EXPOSE_CLIENT,Proxy 154,2,4,0,0,200
653,1787.883115011247,EXPOSE_CLIENT,Proxy 154,3,4,0,0,200
654,1792.2050375193417,EXPOSE_CLIENT,Proxy 156,7,1,0,0,200
655,1795.1653474304103,EXPOSE_CLIENT,Proxy 160,0,3,0,0,200
656,1795.756586303629,EXPOSE_CLIENT,Proxy 159,2,2,0,0,200
657,1796.50464723345,EXPOSE_CLIENT,Proxy 152,1,4,0,0,200
658,1802.2169967969855,EXPOSE_CLIENT,Proxy 153,5,4,0,0,200
659,1808.9100946369658,EXPOSE_CLIENT,Proxy 158,2,3,0,0,200
660,1808.991286520937,EXPOSE_CLIENT,Proxy 158,3,3,0,0,200
661,1811.804467589482,EXPOSE_CLIENT,Proxy 156,8,2,0,0,200
662,1812.4243784925707,EXPOSE_CLIENT,Proxy 158,4,3,0,0,200
663,1812.6735517385926,EXPOSE_CLIENT,Proxy 159,3,2,0,0,200
664,1815.460990749171,EXPOSE_CLIENT,Proxy 161,3,6,0,0,200
665,1816.230656848451,EXPOSE_CLIENT,Proxy 164,6,2,0,0,200
666,1817.2473132292898,EXPOSE_CLIENT,Proxy 156,9,2,0,0,200
667,1821.4956651060963,EXPOSE_CLIENT,Proxy 160,1,6,0,0,200
668,1821.6503731283635,EXPOSE_CLIENT,Proxy 165,5,1,0,0,200
669,1826.253974023547,EXPOSE_CLIENT,Proxy 157,3,5,0,0,200
670,1828.9894216994023,EXPOSE_CLIENT,Proxy 157,4,6,0,0,200
671,1835.485531630598,EXPOSE_CLIENT,Proxy 165,6,1,0,0,200
672,1843.1565542549445,EXPOSE_CLIENT,Proxy 160,2,8,0,0,200
673,1844.157532780313,EXPOSE_CLIENT,Proxy 163,0,7,0,0,200
674,1847.562973408405,EXPOSE_CLIENT,Proxy 169,3,4,0,0,200
675,1848.186948109932,EXPOSE_CLIENT,Proxy 166,2,2,0,0,200
676,1850.4854516759644,EXPOSE_CLIENT,Proxy 165,7,1,0,0,200
677,1851.2404566384912,EXPOSE_CLIENT,Proxy 163,1,8,0,0,200
678,1854.6364907758723,EXPOSE_CLIENT,Proxy 162,6,5,0,0,200
679,1857.60855376903,EXPOSE_CLIENT,Proxy 170,1,1,0,0,200
680,1859.8115264229834,EXPOSE_CLIENT,Proxy 170,2,1,0,0,200
681,1859.9777845612307,EXPOSE_CLIENT,Proxy 166,3,2,0,0,200
682,1864.1638761876434,EXPOSE_CLIENT,Proxy 171,2,1,0,0,200
683,1865.908385478119,EXPOSE_CLIENT,Proxy 165,8,1,0,0,200
684,1867.9588242965908,EXPOSE_CLIENT,Proxy 170,3,1,0,0,200
685,1875.2849609638067,EXPOSE_CLIENT,Proxy 166,4,4,0,0,200
686,1877.3883461326966,EXPOSE_CLIENT,Proxy 170,4,1,0,0,200
687,1877.7822901499692,EXPOSE_CLIENT,Proxy 173,3,1,0,0,200
688,1879.5039132277197,EXPOSE_CLIENT,Proxy 174,1,6,0,0,200
689,1883.8311007509774,EXPOSE_CLIENT,Proxy 167,3,8,0,0,200
690,1885.2001486501665,EXPOSE_CLIENT,Proxy 176,3,4,0,0,200
691,1885.4453003216354,EXPOSE_CLIENT,Proxy 175,3,3,0,0,200
692,1887.5190444465227,EXPOSE_CLIENT,Proxy 172,1,1,0,0,200
693,1894.1465766924784,EXPOSE_CLIENT,Proxy 170,5,1,0,0,200
694,1894.4829517562325,EXPOSE_CLIENT,Proxy 173,4,1,0,0,200
695,1897.4996950682792,EXPOSE_CLIENT,Proxy 172,2,2,0,0,200
696,1899.4191855126403,EXPOSE_CLIENT,Proxy 176,4,4,0,0,200
697,1903.640695692276,EXPOSE_CLIENT,Proxy 174,2,8,0,0,200
698,1904.9638166824855,EXPOSE_CLIENT,Proxy 179,0,8,0,0,200
699,1908.8712265789122,EXPOSE_CLIENT,Proxy 172,3,3,0,0,200
700,1913.224126848549,EXPOSE_CLIENT,Proxy 177,2,3,0,0,200
701,1914.4858434984578,EXPOSE_CLIENT,Proxy 171,3,3,0,0,200
702,1914.70887498479,EXPOSE_CLIENT,Proxy 179,1,9,0,0,200
703,1914.7652446187321,EXPOSE_CLIENT,Proxy 175,4,4,0,0,200
704,1914.9815910627071,EXPOSE_CLIENT,Proxy 176,5,5,0,0,200
705,1920.826020899422,EXPOSE_CLIENT,Proxy 179,2,9,0,0,200
706,1923.951941704495,EXPOSE_CLIENT,Proxy 182,4,3,0,0,200
707,1928.7880954382558,EXPOSE_CLIENT,Proxy 182,5,3,0,0,200
708,1931.884984569726,EXPOSE_CLIENT,Proxy 177,3,5,0,0,200
709,1934.4265145218026,EXPOSE_CLIENT,Proxy 182,6,4,0,0,200
710,1934.4933550279254,EXPOSE_CLIENT,Proxy 182,7,4,0,0,200
711,1935.649075994622,EXPOSE_CLIENT,Proxy 175,5,6,0,0,200
712,1937.4872580224046,EXPOSE_CLIENT,Proxy 179,3,9,0,0,200
713,1942.0346967934315,EXPOSE_CLIENT,Proxy 185,1,3,0,0,200
714,1947.5274505924392,EXPOSE_CLIENT,Proxy 182,8,4,0,0,200
715,1951.8721959337777,EXPOSE_CLIENT,Proxy 180,5,2,0,0,200
716,1954.0389465863036,EXPOSE_CLIENT,Proxy 185,2,5,0,0,200
717,1956.8756027441113,EXPOSE_CLIENT,Proxy 183,1,4,0,0,200
718,1958.9010196757215,EXPOSE_CLIENT,Proxy 181,4,7,0,0,200
719,1960.5913884774886,EXPOSE_CLIENT,Proxy 181,5,7,0,0,200
720,1960.9649508164462,EXPOSE_CLIENT,Proxy 182,9,4,0,0,200
721,1961.3954252509907,EXPOSE_CLIENT,Proxy 180,6,2,0,0,200
722,1966.4248148621969,EXPOSE_CLIENT,Proxy 187,0,2,0,0,200
723,1910.0,CENSOR_TRACK,,913,997,0,200,0
724,0.0,ENUMERATE_PROXY,Proxy 1,0,0,0,0,1
725,1.0852579684643955,ENUMERATE_PROXY,Proxy 0,0,0,0,0,2
726,1.8996410598374873,ENUMERATE_PROXY,Proxy 9,0,0,0,0,3
727,3.2827510726421387,ENUMERATE_PROXY,Proxy 3,0,0,0,0,4
728,3.3695087705573137,ENUMERATE_PROXY,Proxy 10,0,0,0,0,5
729,6.323746712152624,ENUMERATE_PROXY,Proxy 6,0,0,0,0,6
730,11.90965549461911,ENUMERATE_PROXY,Proxy 7,1,0,0,0,7
731,12.632998929168036,ENUMERATE_PROXY,Proxy 8,1,0,0,0,8
732,13.216099887021626,MISS_ENUMERATE_PROXY,Proxy 3,0,1,0,0,8
733,13.431955736833302,MISS_ENUMERATE_PROXY,Proxy 7,1,1,0,0,8
734,16.12532367939311,MISS_ENUMERATE_PROXY,Proxy 3,0,2,0,0,8
735,16.2307221940666,MISS_ENUMERATE_PROXY,Proxy 9,1,1,0,0,8
736,19.777090226278773,MISS_ENUMERATE_PROXY,Proxy 8,1,1,0,0,8
737,20.242601923758933,MISS_ENUMERATE_PROXY,Proxy 9,1,2,0,0,8
738,25.8921669107,ENUMERATE_PROXY,Proxy 13,0,0,0,0,9
739,25.973476892635542,ENUMERATE_PROXY,Proxy 11,1,0,0,0,10
740,28.181738208893915,MISS_ENUMERATE_PROXY,Proxy 11,1,1,0,0,10
741,30.5366312518736,MISS_ENUMERATE_PROXY,Proxy 11,1,2,0,0,10
742,34.10839712049376,MISS_ENUMERATE_PROXY,Proxy 7,1,2,0,0,10
743,34.26508200263155,ENUMERATE_PROXY,Proxy 15,0,0,0,0,11
744,34.60033647053061,ENUMERATE_PROXY,Proxy 12,1,0,0,0,12
745,36.47119835714359,ENUMERATE_PROXY,Proxy 16,0,0,0,0,13
746,38.07173302035261,MISS_ENUMERATE_PROXY,Proxy 7,2,3,0,0,13
747,39.232370692310646,MISS_ENUMERATE_PROXY,Proxy 10,3,1,0,0,13
748,39.349691283912634,MISS_ENUMERATE_PROXY,Proxy 12,1,1,0,0,13
749,44.852596746053536,MISS_ENUMERATE_PROXY,Proxy 10,3,2,0,0,13
750,46.22859673425579,ENUMERATE_PROXY,Proxy 18,0,0,0,0,14
751,47.877829570497475,ENUMERATE_PROXY,Proxy 19,1,0,0,0,15
752,51.102856928535225,ENUMERATE_PROXY,Proxy 14,1,0,0,0,16
753,53.78467803224976,ENUMERATE_PROXY,Proxy 17,1,0,0,0,17
754,54.70115314417009,ENUMERATE_PROXY,Proxy 20,0,0,0,0,18
755,58.51959729030811,MISS_ENUMERATE_PROXY,Proxy 14,1,1,0,0,18
756,60.6148441748444,MISS_ENUMERATE_PROXY,Proxy 14,2,2,0,0,18
757,62.948408576855606,MISS_ENUMERATE_PROXY,Proxy 15,0,1,0,0,18
758,66.3913684480091,MISS_ENUMERATE_PROXY,Proxy 18,3,1,0,0,18
759,67.77998323038739,MISS_ENUMERATE_PROXY,Proxy 19,1,1,0,0,18
760,69.0959100966325,MISS_ENUMERATE_PROXY,Proxy 16,5,1,0,0,18
761,72.065499675243,MISS_ENUMERATE_PROXY,Proxy 17,3,1,0,0,18
762,74.43633302725362,MISS_ENUMERATE_PROXY,Proxy 17,3,2,0,0,18
763,77.86617109142387,ENUMERATE_PROXY,Proxy 26,1,0,0,0,19
764,78.46520625127735,MISS_ENUMERATE_PROXY,Proxy 18,4,2,0,0,19
765,78.99364611097869,ENUMERATE_PROXY,Proxy 24,1,0,0,0,20
766,83.35838261625389,MISS_ENUMERATE_PROXY,Proxy 19,2,2,0,0,20
767,83.75357571201184,ENUMERATE_PROXY,Proxy 25,1,0,0,0,21
768,88.7076586296512,ENUMERATE_PROXY,Proxy 28,0,0,0,0,22
769,94.64532367046156,ENUMERATE_PROXY,Proxy 22,2,0,0,0,23
770,96.3240398861878,MISS_ENUMERATE_PROXY,Proxy 28,1,1,0,0,23
771,102.83805857030673,MISS_ENUMERATE_PROXY,Proxy 26,3,1,0,0,23
772,102.87970433138912,MISS_ENUMERATE_PROXY,Proxy 25,1,1,0,0,23
773,105.09718593225853,ENUMERATE_PROXY,Proxy 21,1,0,0,0,24
774,105.82063289548428,ENUMERATE_PROXY,Proxy 23,2,0,0,0,25
775,107.89889123852738,MISS_ENUMERATE_PROXY,Proxy 23,3,1,0,0,25
776,110.1055585318909,MISS_ENUMERATE_PROXY,Proxy 24,1,1,0,0,25
777,111.12087670362695,MISS_ENUMERATE_PROXY,Proxy 24,1,2,0,0,25
778,111.21554897987207,MISS_ENUMERATE_PROXY,Proxy 28,1,2,0,0,25
779,111.601701879774,MISS_ENUMERATE_PROXY,Proxy 23,3,2,0,0,25
780,112.25756720736501,MISS_ENUMERATE_PROXY,Proxy 28,1,3,0,0,25
781,114.40424449416086,MISS_ENUMERATE_PROXY,Proxy 28,1,4,0,0,25
782,117.69637155634842,ENUMERATE_PROXY,Proxy 33,0,0,0,0,26
783,119.3495418325611,MISS_ENUMERATE_PROXY,Proxy 24,1,3,0,0,26
784,121.5833350492818,ENUMERATE_PROXY,Proxy 32,0,0,0,0,27
785,122.4034193473498,ENUMERATE_PROXY,Proxy 30,1,0,0,0,28
786,122.49006829078998,MISS_ENUMERATE_PROXY,Proxy 30,1,1,0,0,28
787,123.03606697452818,MISS_ENUMERATE_PROXY,Proxy 26,5,2,0,0,28
788,125.35279159147146,MISS_ENUMERATE_PROXY,Proxy 32,1,1,0,0,28
789,132.20457164837092,MISS_ENUMERATE_PROXY,Proxy 32,1,2,0,0,28
790,132.63219169795255,ENUMERATE_PROXY,Proxy 27,1,0,0,0,29
791,135.91778496265712,MISS_ENUMERATE_PROXY,Proxy 32,1,3,0,0,29
792,137.938691945908,MISS_ENUMERATE_PROXY,Proxy 28,1,5,0,0,29
793,138.86609965804195,ENUMERATE_PROXY,Proxy 31,0,0,0,0,30
794,144.9336498870846,MISS_ENUMERATE_PROXY,Proxy 31,0,1,0,0,30
795,146.08657353304946,ENUMERATE_PROXY,Proxy 35,3,0,0,0,31
796,147.00553027443598,ENUMERATE_PROXY,Proxy 38,1,0,0,0,32
797,148.7324121907046,MISS_ENUMERATE_PROXY,Proxy 31,0,2,0,0,32
798,148.8955443262193,MISS_ENUMERATE_PROXY,Proxy 31,0,3,0,0,32
799,150.09673516610522,MISS_ENUMERATE_PROXY,Proxy 31,0,4,0,0,32
800,156.05363273950965,MISS_ENUMERATE_PROXY,Proxy 38,1,1,0,0,32
801,156.77225143278926,MISS_ENUMERATE_PROXY,Proxy 33,0,1,0,0,32
802,157.71418794788468,MISS_ENUMERATE_PROXY,Proxy 38,1,2,0,0,32
803,159.08036717816708,ENUMERATE_PROXY,Proxy 36,0,0,0,0,33
804,159.3374928947868,MISS_ENUMERATE_PROXY,Proxy 33,0,2,0,0,33
805,159.9483901628221,ENUMERATE_PROXY,Proxy 37,1,0,0,0,34
806,160.9942113271257,MISS_ENUMERATE_PROXY,Proxy 38,1,3,0,0,34
807,164.4255431347466,MISS_ENUMERATE_PROXY,Proxy 32,3,4,0,0,34
808,164.51813926815757,MISS_ENUMERATE_PROXY,Proxy 35,5,1,0,0,34
809,165.0385232576661,MISS_ENUMERATE_PROXY,Proxy 33,0,3,0,0,34
810,167.33882140963664,MISS_ENUMERATE_PROXY,Proxy 36,1,1,0,0,34
811,167.90770412205325,ENUMERATE_PROXY,Proxy 41,0,0,0,0,35
812,171.46188311192984,MISS_ENUMERATE_PROXY,Proxy 35,6,2,0,0,35
813,172.27281102204122,ENUMERATE_PROXY,Proxy 39,0,0,0,0,36
814,179.6489338513781,MISS_ENUMERATE_PROXY,Proxy 38,1,4,0,0,36
815,182.35170509087297,MISS_ENUMERATE_PROXY,Proxy 41,0,1,0,0,36
816,183.03224563086397,MISS_ENUMERATE_PROXY,Proxy 36,2,2,0,0,36
817,183.22990394229808,MISS_ENUMERATE_PROXY,Proxy 37,3,1,0,0,36
818,183.6506520632275,ENUMERATE_PROXY,Proxy 44,0,0,0,0,37
819,183.78527118679304,ENUMERATE_PROXY,Proxy 42,0,0,0,0,38
820,187.678444268781,ENUMERATE_PROXY,Proxy 43,3,0,0,0,39
821,189.32284918430238,ENUMERATE_PROXY,Proxy 40,0,0,0,0,40
822,194.22690092044266,ENUMERATE_PROXY,Proxy 46,0,0,0,0,41
823,195.39384366263687,MISS_ENUMERATE_PROXY,Proxy 40,0,1,0,0,41
824,201.05768764430135,MISS_ENUMERATE_PROXY,Proxy 43,3,1,0,0,41
825,204.46190876707746,MISS_ENUMERATE_PROXY,Proxy 39,2,1,0,0,41
826,207.26493864027898,MISS_ENUMERATE_PROXY,Proxy 40,0,2,0,0,41
827,208.49157209921992,MISS_ENUMERATE_PROXY,Proxy 44,0,1,0,0,41
828,209.15475358614464,ENUMERATE_PROXY,Proxy 48,1,0,0,0,42
829,209.8909283463835,MISS_ENUMERATE_PROXY,Proxy 44,0,2,0,0,42
830,209.93380321982562,MISS_ENUMERATE_PROXY,Proxy 41,0,2,0,0,42
831,211.77447917775197,ENUMERATE_PROXY,Proxy 50,1,0,0,0,43
832,214.53106316479605,MISS_ENUMERATE_PROXY,Proxy 50,1,1,0,0,43
833,215.914255683588,MISS_ENUMERATE_PROXY,Proxy 46,0,1,0,0,43
834,218.88205797782712,MISS_ENUMERATE_PROXY,Proxy 43,4,2,0,0,43
835,221.27023387501194,ENUMERATE_PROXY,Proxy 45,0,0,0,0,44
836,222.75560592306655,MISS_ENUMERATE_PROXY,Proxy 48,2,1,0,0,44
837,226.14103795567374,MISS_ENUMERATE_PROXY,Proxy 44,1,3,0,0,44
838,226.83225240572665,MISS_ENUMERATE_PROXY,Proxy 45,0,1,0,0,44
839,227.49095285513624,MISS_ENUMERATE_PROXY,Proxy 46,1,2,0,0,44
840,231.95972313339936,ENUMERATE_PROXY,Proxy 53,0,0,0,0,45
841,232.56738177825247,MISS_ENUMERATE_PROXY,Proxy 45,0,2,0,0,45
842,239.1667380556278,ENUMERATE_PROXY,Proxy 51,4,0,0,0,46
843,239.96152741222872,MISS_ENUMERATE_PROXY,Proxy 51,4,1,0,0,46
844,244.88758813938963,ENUMERATE_PROXY,Proxy 49,1,0,0,0,47
845,245.002709016227,MISS_ENUMERATE_PROXY,Proxy 53,1,1,0,0,47
846,248.69325346435608,ENUMERATE_PROXY,Proxy 54,0,0,0,0,48
847,249.12596417358594,MISS_ENUMERATE_PROXY,Proxy 48,5,2,0,0,48
848,250.1152144495707,MISS_ENUMERATE_PROXY,Proxy 49,2,1,0,0,48
849,251.7434237075146,ENUMERATE_PROXY,Proxy 57,0,0,0,0,49
850,253.32405774753562,ENUMERATE_PROXY,Proxy 58,0,0,0,0,50
851,259.23104282424634,ENUMERATE_PROXY,Proxy 59,0,0,0,0,51
852,263.01103351906113,MISS_ENUMERATE_PROXY,Proxy 51,5,2,0,0,51
853,269.95348255869436,ENUMERATE_PROXY,Proxy 60,1,0,0,0,52
854,271.1374713073669,MISS_ENUMERATE_PROXY,Proxy 58,0,1,0,0,52
855,271.92929442907916,MISS_ENUMERATE_PROXY,Proxy 53,5,2,0,0,52
856,274.8879822094564,ENUMERATE_PROXY,Proxy 55,0,0,0,0,53
857,275.6220211035779,MISS_ENUMERATE_PROXY,Proxy 53,5,3,0,0,53
858,278.4430666423283,MISS_ENUMERATE_PROXY,Proxy 57,0,1,0,0,53
859,278.45256963734,ENUMERATE_PROXY,Proxy 62,1,0,0,0,54
860,280.2998025776319,MISS_ENUMERATE_PROXY,Proxy 62,2,1,0,0,54
861,280.94502557734,ENUMERATE_PROXY,Proxy 64,0,0,0,0,55
862,282.23132280346294,MISS_ENUMERATE_PROXY,Proxy 60,2,1,0,0,55
863,282.9416067817063,MISS_ENUMERATE_PROXY,Proxy 59,1,1,0,0,55
864,285.28831060477034,MISS_ENUMERATE_PROXY,Proxy 58,0,2,0,0,55
865,287.789080392666,ENUMERATE_PROXY,Proxy 66,0,0,0,0,56
866,287.9175002765778,MISS_ENUMERATE_PROXY,Proxy 57,1,2,0,0,56
867,288.0211585557199,MISS_ENUMERATE_PROXY,Proxy 59,1,2,0,0,56
868,289.70050049455455,ENUMERATE_PROXY,Proxy 65,0,0,0,0,57
869,291.2782261108077,ENUMERATE_PROXY,Proxy 63,1,0,0,0,58
870,293.26443137661937,MISS_ENUMERATE_PROXY,Proxy 64,2,1,0,0,58
871,297.52686161440033,MISS_ENUMERATE_PROXY,Proxy 64,2,2,0,0,58
872,299.1727515090305,MISS_ENUMERATE_PROXY,Proxy 65,0,1,0,0,58
873,299.5982859505748,MISS_ENUMERATE_PROXY,Proxy 62,3,2,0,0,58
874,300.40908230798976,MISS_ENUMERATE_PROXY,Proxy 65,0,2,0,0,58
875,303.377007789176,MISS_ENUMERATE_PROXY,Proxy 62,3,3,0,0,58
876,306.2503195050324,MISS_ENUMERATE_PROXY,Proxy 63,1,1,0,0,58
877,311.0817520934882,ENUMERATE_PROXY,Proxy 67,2,0,0,0,59
878,314.1761822642169,ENUMERATE_PROXY,Proxy 70,1,0,0,0,60
879,315.04528578879905,ENUMERATE_PROXY,Proxy 71,0,0,0,0,61
880,315.92167799318605,MISS_ENUMERATE_PROXY,Proxy 67,2,1,0,0,61
881,317.39747759434255,ENUMERATE_PROXY,Proxy 69,3,0,0,0,62
882,320.29084944509265,MISS_ENUMERATE_PROXY,Proxy 67,2,2,0,0,62
883,321.7909057794515,ENUMERATE_PROXY,Proxy 68,1,0,0,0,63
884,324.161081966147,MISS_ENUMERATE_PROXY,Proxy 66,0,1,0,0,63
885,324.9295326499977,MISS_ENUMERATE_PROXY,Proxy 71,0,1,0,0,63
886,327.269582677895,MISS_ENUMERATE_PROXY,Proxy 68,1,1,0,0,63
887,327.3992946553891,MISS_ENUMERATE_PROXY,Proxy 69,3,1,0,0,63
888,328.6712246006436,MISS_ENUMERATE_PROXY,Proxy 70,1,1,0,0,63
889,329.088018101201,ENUMERATE_PROXY,Proxy 74,0,0,0,0,64
890,330.66540861799444,MISS_ENUMERATE_PROXY,Proxy 66,0,2,0,0,64
891,332.6161221629722,ENUMERATE_PROXY,Proxy 72,1,0,0,0,65
892,334.10246136628894,MISS_ENUMERATE_PROXY,Proxy 70,1,2,0,0,65
893,334.4308786819956,MISS_ENUMERATE_PROXY,Proxy 67,2,3,0,0,65
894,334.8056155544439,MISS_ENUMERATE_PROXY,Proxy 69,3,2,0,0,65
895,335.6529840133889,ENUMERATE_PROXY,Proxy 73,1,0,0,0,66
896,335.79581185818614,ENUMERATE_PROXY,Proxy 76,0,0,0,0,67
897,338.8451021254788,ENUMERATE_PROXY,Proxy 78,0,0,0,0,68
898,339.38039197792415,MISS_ENUMERATE_PROXY,Proxy 71,1,2,0,0,68
899,339.6529487445695,MISS_ENUMERATE_PROXY,Proxy 69,3,3,0,0,68
900,340.3877103367595,ENUMERATE_PROXY,Proxy 75,3,0,0,0,69
901,341.74803798046173,ENUMERATE_PROXY,Proxy 77,0,0,0,0,70
902,342.2377020848724,ENUMERATE_PROXY,Proxy 79,1,0,0,0,71
903,344.0522328574264,MISS_ENUMERATE_PROXY,Proxy 77,0,1,0,0,71
904,346.954619068009,MISS_ENUMERATE_PROXY,Proxy 79,1,1,0,0,71
905,353.06663605168205,MISS_ENUMERATE_PROXY,Proxy 76,1,1,0,0,71
906,356.16500675039157,MISS_ENUMERATE_PROXY,Proxy 74,4,1,0,0,71
907,356.65434871990766,MISS_ENUMERATE_PROXY,Proxy 73,1,1,0,0,71
908,360.14058936567346,MISS_ENUMERATE_PROXY,Proxy 75,3,1,0,0,71
909,363.4306824512354,ENUMERATE_PROXY,Proxy 80,1,0,0,0,72
910,364.0957642184963,MISS_ENUMERATE_PROXY,Proxy 80,1,1,0,0,72
911,364.1210818465202,MISS_ENUMERATE_PROXY,Proxy 77,1,2,0,0,72
912,372.6500433260603,MISS_ENUMERATE_PROXY,Proxy 77,1,3,0,0,72
913,374.14584137879007,MISS_ENUMERATE_PROXY,Proxy 75,4,2,0,0,72
914,374.16098818301424,ENUMERATE_PROXY,Proxy 83,0,0,0,0,73
915,379.15520071341183,ENUMERATE_PROXY,Proxy 84,0,0,0,0,74
916,382.68088590594124,MISS_ENUMERATE_PROXY,Proxy 80,4,2,0,0,74
917,383.4691210346284,MISS_ENUMERATE_PROXY,Proxy 80,4,3,0,0,74
918,383.8546885426294,MISS_ENUMERATE_PROXY,Proxy 76,3,2,0,0,74
919,384.61402955958,ENUMERATE_PROXY,Proxy 82,0,0,0,0,75
920,390.93776386541253,MISS_ENUMERATE_PROXY,Proxy 80,5,4,0,0,75
921,391.37375377092405,MISS_ENUMERATE_PROXY,Proxy 82,0,1,0,0,75
922,392.0340800767174,MISS_ENUMERATE_PROXY,Proxy 79,3,2,0,0,75
923,394.5691712609722,ENUMERATE_PROXY,Proxy 85,0,0,0,0,76
924,394.921455847802,MISS_ENUMERATE_PROXY,Proxy 82,1,2,0,0,76
925,395.625983422722,MISS_ENUMERATE_PROXY,Proxy 78,0,1,0,0,76
926,396.03026021706995,ENUMERATE_PROXY,Proxy 88,0,0,0,0,77
927,398.9660535996348,MISS_ENUMERATE_PROXY,Proxy 85,0,1,0,0,77
928,403.5859889653273,ENUMERATE_PROXY,Proxy 87,0,0,0,0,78
929,406.1641215949897,ENUMERATE_PROXY,Proxy 89,0,0,0,0,79
930,415.27699074961424,MISS_ENUMERATE_PROXY,Proxy 84,2,1,0,0,79
931,417.44538901774047,ENUMERATE_PROXY,Proxy 86,0,0,0,0,80
932,418.91052479983966,MISS_ENUMERATE_PROXY,Proxy 89,1,1,0,0,80
933,421.581329630203,MISS_ENUMERATE_PROXY,Proxy 89,1,2,0,0,80
934,423.8406276240367,MISS_ENUMERATE_PROXY,Proxy 82,1,3,0,0,80
935,424.30734895875906,ENUMERATE_PROXY,Proxy 90,0,0,0,0,81
936,427.2425508074363,MISS_ENUMERATE_PROXY,Proxy 85,1,2,0,0,81
937,427.31917402112043,MISS_ENUMERATE_PROXY,Proxy 87,3,1,0,0,81
938,430.7786386970495,MISS_ENUMERATE_PROXY,Proxy 89,1,3,0,0,81
939,432.11665375627416,MISS_ENUMERATE_PROXY,Proxy 89,1,4,0,0,81
940,432.56182725793263,ENUMERATE_PROXY,Proxy 91,1,0,0,0,82
941,433.3086373869001,MISS_ENUMERATE_PROXY,Proxy 88,0,1,0,0,82
942,433.81330771761156,MISS_ENUMERATE_PROXY,Proxy 87,3,2,0,0,82
943,434.22017479542575,MISS_ENUMERATE_PROXY,Proxy 90,0,1,0,0,82
944,434.66844475089624,MISS_ENUMERATE_PROXY,Proxy 89,1,5,0,0,82
945,435.5693579856524,MISS_ENUMERATE_PROXY,Proxy 90,0,2,0,0,82
946,438.1628830685573,MISS_ENUMERATE_PROXY,Proxy 90,0,3,0,0,82
947,439.33126201190873,ENUMERATE_PROXY,Proxy 94,0,0,0,0,83
948,440.2708836697725,MISS_ENUMERATE_PROXY,Proxy 88,0,2,0,0,83
949,452.8975714993239,MISS_ENUMERATE_PROXY,Proxy 87,4,3,0,0,83
950,453.9628124764584,ENUMERATE_PROXY,Proxy 95,1,0,0,0,84
951,454.42435701118194,MISS_ENUMERATE_PROXY,Proxy 95,1,1,0,0,84
952,456.9403166071453,MISS_ENUMERATE_PROXY,Proxy 90,0,4,0,0,84
953,458.66583627983135,ENUMERATE_PROXY,Proxy 98,0,0,0,0,85
954,459.18081866431214,MISS_ENUMERATE_PROXY,Proxy 98,0,1,0,0,85
955,459.2796614665565,MISS_ENUMERATE_PROXY,Proxy 90,0,5,0,0,85
956,459.97502164639224,ENUMERATE_PROXY,Proxy 93,1,0,0,0,86
957,463.6734828618227,MISS_ENUMERATE_PROXY,Proxy 94,3,1,0,0,86
958,468.0165122657257,ENUMERATE_PROXY,Proxy 99,0,0,0,0,87
959,469.4858599978541,MISS_ENUMERATE_PROXY,Proxy 95,1,2,0,0,87
960,470.3773002861084,MISS_ENUMERATE_PROXY,Proxy 93,2,1,0,0,87
961,472.7508654170343,ENUMERATE_PROXY,Proxy 96,2,0,0,0,88
962,473.4244433363289,MISS_ENUMERATE_PROXY,Proxy 93,2,2,0,0,88
963,482.95427372349263,ENUMERATE_PROXY,Proxy 97,2,0,0,0,89
964,485.7788614506461,MISS_ENUMERATE_PROXY,Proxy 99,0,1,0,0,89
965,485.93982392701724,ENUMERATE_PROXY,Proxy 101,2,0,0,0,90
966,488.8019352977201,MISS_ENUMERATE_PROXY,Proxy 99,0,2,0,0,90
967,489.6213989715841,ENUMERATE_PROXY,Proxy 100,1,0,0,0,91
968,491.1701906813965,MISS_ENUMERATE_PROXY,Proxy 96,3,1,0,0,91
969,492.24766036958584,MISS_ENUMERATE_PROXY,Proxy 101,2,1,0,0,91
970,494.16278292002573,MISS_ENUMERATE_PROXY,Proxy 101,2,2,0,0,91
971,495.79022855423256,MISS_ENUMERATE_PROXY,Proxy 100,1,1,0,0,91
972,497.31378670578164,MISS_ENUMERATE_PROXY,Proxy 100,1,2,0,0,91
973,498.1105415649107,ENUMERATE_PROXY,Proxy 103,0,0,0,0,92
974,498.70443486110196,MISS_ENUMERATE_PROXY,Proxy 101,2,3,0,0,92
975,500.2366652997905,MISS_ENUMERATE_PROXY,Proxy 97,2,1,0,0,92
976,502.49817295864,MISS_ENUMERATE_PROXY,Proxy 98,2,2,0,0,92
977,504.79314683714006,ENUMERATE_PROXY,Proxy 107,0,0,0,0,93
978,509.137920189666,ENUMERATE_PROXY,Proxy 102,0,0,0,0,94
979,509.950176547252,MISS_ENUMERATE_PROXY,Proxy 102,0,1,0,0,94
980,510.3608440771167,ENUMERATE_PROXY,Proxy 106,0,0,0,0,95
981,512.239997550289,MISS_ENUMERATE_PROXY,Proxy 100,1,3,0,0,95
982,514.1796386553142,MISS_ENUMERATE_PROXY,Proxy 100,1,4,0,0,95
983,515.0286749143038,MISS_ENUMERATE_PROXY,Proxy 103,0,1,0,0,95
984,519.9851160096958,ENUMERATE_PROXY,Proxy 104,2,0,0,0,96
985,521.349084776849,ENUMERATE_PROXY,Proxy 108,1,0,0,0,97
986,522.13812378364,ENUMERATE_PROXY,Proxy 110,0,0,0,0,98
987,523.1578852598249,MISS_ENUMERATE_PROXY,Proxy 102,1,2,0,0,98
988,523.7394844008196,ENUMERATE_PROXY,Proxy 105,1,0,0,0,99
989,530.387282571822,ENUMERATE_PROXY,Proxy 109,2,0,0,0,100
990,531.1047721091213,MISS_ENUMERATE_PROXY,Proxy 106,2,1,0,0,100
991,531.428127050537,MISS_ENUMERATE_PROXY,Proxy 106,2,2,0,0,100
992,532.4795919363752,MISS_ENUMERATE_PROXY,Proxy 108,1,1,0,0,100
993,533.4507189924809,ENUMERATE_PROXY,Proxy 111,1,0,0,0,101
994,534.4294220403689,ENUMERATE_PROXY,Proxy 112,0,0,0,0,102
995,534.9529189746387,ENUMERATE_PROXY,Proxy 113,0,0,0,0,103
996,540.3181933089977,MISS_ENUMERATE_PROXY,Proxy 109,2,1,0,0,103
997,540.8871498361038,MISS_ENUMERATE_PROXY,Proxy 108,1,2,0,0,103
998,543.3610538869616,MISS_ENUMERATE_PROXY,Proxy 112,0,1,0,0,103
999,544.2254297251358,MISS_ENUMERATE_PROXY,Proxy 110,0,1,0,0,103
1000,548.8494021007849,MISS_ENUMERATE_PROXY,Proxy 111,1,1,0,0,103
1001,550.1498142794388,MISS_ENUMERATE_PROXY,Proxy 112,0,2,0,0,103
1002,555.7199489665627,MISS_ENUMERATE_PROXY,Proxy 111,1,2,0,0,103
1003,557.0593868962542,ENUMERATE_PROXY,Proxy 116,0,0,0,0,104
1004,557.1573711811577,MISS_ENUMERATE_PROXY,Proxy 108,1,3,0,0,104
1005,559.3596635679772,MISS_ENUMERATE_PROXY,Proxy 112,0,3,0,0,104
1006,559.4420463655347,ENUMERATE_PROXY,Proxy 115,1,0,0,0,105
1007,566.0712858831332,ENUMERATE_PROXY,Proxy 114,2,0,0,0,106
1008,571.4235599709867,MISS_ENUMERATE_PROXY,Proxy 111,1,3,0,0,106
1009,571.4577630309815,MISS_ENUMERATE_PROXY,Proxy 113,2,1,0,0,106
1010,571.8885525642013,MISS_ENUMERATE_PROXY,Proxy 111,1,4,0,0,106
1011,571.9114439645449,MISS_ENUMERATE_PROXY,Proxy 114,2,1,0,0,106
1012,582.1500952859795,ENUMERATE_PROXY,Proxy 118,0,0,0,0,107
1013,583.7190862142435,MISS_ENUMERATE_PROXY,Proxy 113,4,2,0,0,107
1014,592.4523892342702,MISS_ENUMERATE_PROXY,Proxy 112,1,4,0,0,107
1015,595.02171152673,ENUMERATE_PROXY,Proxy 120,0,0,0,0,108
1016,595.8935050302915,MISS_ENUMERATE_PROXY,Proxy 120,0,1,0,0,108
1017,596.3655919676532,MISS_ENUMERATE_PROXY,Proxy 118,0,1,0,0,108
1018,606.8243755942974,MISS_ENUMERATE_PROXY,Proxy 115,2,1,0,0,108
1019,609.097559488637,ENUMERATE_PROXY,Proxy 119,2,0,0,0,109
1020,609.8015335250653,MISS_ENUMERATE_PROXY,Proxy 115,2,2,0,0,109
1021,611.505612773614,ENUMERATE_PROXY,Proxy 122,1,0,0,0,110
1022,611.5561021141264,MISS_ENUMERATE_PROXY,Proxy 116,5,1,0,0,110
1023,614.4908496204816,MISS_ENUMERATE_PROXY,Proxy 116,5,2,0,0,110
1024,616.0887695452795,ENUMERATE_PROXY,Proxy 117,1,0,0,0,111
1025,617.5589968048575,ENUMERATE_PROXY,Proxy 123,2,0,0,0,112
1026,619.4416990325161,MISS_ENUMERATE_PROXY,Proxy 122,1,1,0,0,112
1027,620.1265352480684,MISS_ENUMERATE_PROXY,Proxy 119,3,1,0,0,112
1028,621.398602313971,MISS_ENUMERATE_PROXY,Proxy 118,2,2,0,0,112
1029,621.8472688757353,MISS_ENUMERATE_PROXY,Proxy 123,2,1,0,0,112
1030,624.2076866512755,ENUMERATE_PROXY,Proxy 125,1,0,0,0,113
1031,626.6426844108922,ENUMERATE_PROXY,Proxy 126,0,0,0,0,114
1032,629.6528622366103,MISS_ENUMERATE_PROXY,Proxy 122,1,2,0,0,114
1033,629.9203232719229,ENUMERATE_PROXY,Proxy 128,0,0,0,0,115
1034,631.0142908678096,MISS_ENUMERATE_PROXY,Proxy 126,1,1,0,0,115
1035,632.86417940483,MISS_ENUMERATE_PROXY,Proxy 128,1,1,0,0,115
1036,633.4287044580935,MISS_ENUMERATE_PROXY,Proxy 125,1,1,0,0,115
1037,636.3143410193196,ENUMERATE_PROXY,Proxy 124,0,0,0,0,116
1038,638.5001505150644,MISS_ENUMERATE_PROXY,Proxy 128,2,2,0,0,116
1039,640.9221730188793,MISS_ENUMERATE_PROXY,Proxy 123,3,2,0,0,116
1040,641.4782346348305,ENUMERATE_PROXY,Proxy 129,0,0,0,0,117
1041,643.1748957142154,MISS_ENUMERATE_PROXY,Proxy 125,2,2,0,0,117
1042,644.269583944117,MISS_ENUMERATE_PROXY,Proxy 126,2,2,0,0,117
1043,645.1110870450988,MISS_ENUMERATE_PROXY,Proxy 125,2,3,0,0,117
1044,650.8310973353852,ENUMERATE_PROXY,Proxy 127,1,0,0,0,118
1045,653.1787375239211,ENUMERATE_PROXY,Proxy 132,1,0,0,0,119
1046,654.5810969645706,MISS_ENUMERATE_PROXY,Proxy 132,1,1,0,0,119
1047,658.471751153647,MISS_ENUMERATE_PROXY,Proxy 127,1,1,0,0,119
1048,658.6862331496153,MISS_ENUMERATE_PROXY,Proxy 127,1,2,0,0,119
1049,659.6350148095288,ENUMERATE_PROXY,Proxy 135,0,0,0,0,120
1050,668.4508747529326,ENUMERATE_PROXY,Proxy 134,0,0,0,0,121
1051,673.8585936585641,ENUMERATE_PROXY,Proxy 130,4,0,0,0,122
1052,675.412361694739,ENUMERATE_PROXY,Proxy 137,0,0,0,0,123
1053,675.7538713115059,MISS_ENUMERATE_PROXY,Proxy 135,2,1,0,0,123
1054,675.8863604963348,ENUMERATE_PROXY,Proxy 133,2,0,0,0,124
1055,683.5097166555364,ENUMERATE_PROXY,Proxy 136,1,0,0,0,125
1056,687.2908035022162,ENUMERATE_PROXY,Proxy 131,3,0,0,0,126
1057,689.0530271895653,MISS_ENUMERATE_PROXY,Proxy 136,1,1,0,0,126
1058,689.6562804496672,MISS_ENUMERATE_PROXY,Proxy 135,3,2,0,0,126
1059,692.5135286874445,ENUMERATE_PROXY,Proxy 139,0,0,0,0,127
1060,695.7416398225848,MISS_ENUMERATE_PROXY,Proxy 133,3,1,0,0,127
1061,697.7020197965529,ENUMERATE_PROXY,Proxy 138,1,0,0,0,128
1062,699.8999104247009,MISS_ENUMERATE_PROXY,Proxy 137,1,1,0,0,128
1063,700.0394488434237,MISS_ENUMERATE_PROXY,Proxy 138,1,1,0,0,128
1064,700.1421598395245,ENUMERATE_PROXY,Proxy 142,0,0,0,0,129
1065,701.8127374435484,MISS_ENUMERATE_PROXY,Proxy 136,1,2,0,0,129
1066,707.6319841381178,MISS_ENUMERATE_PROXY,Proxy 135,4,3,0,0,129
1067,708.1020371293627,ENUMERATE_PROXY,Proxy 143,0,0,0,0,130
1068,708.3072546783516,MISS_ENUMERATE_PROXY,Proxy 142,0,1,0,0,130
1069,709.2790575973362,ENUMERATE_PROXY,Proxy 141,2,0,0,0,131
1070,711.8203332083692,ENUMERATE_PROXY,Proxy 144,0,0,0,0,132
1071,712.3323498363217,MISS_ENUMERATE_PROXY,Proxy 136,3,3,0,0,132
1072,714.6780266857038,MISS_ENUMERATE_PROXY,Proxy 136,3,4,0,0,132
1073,716.1780151269226,MISS_ENUMERATE_PROXY,Proxy 137,3,2,0,0,132
1074,716.3412559818554,MISS_ENUMERATE_PROXY,Proxy 142,0,2,0,0,132
1075,717.9975781806902,ENUMERATE_PROXY,Proxy 145,0,0,0,0,133
1076,719.0660352057731,MISS_ENUMERATE_PROXY,Proxy 144,0,1,0,0,133
1077,722.4087098237794,MISS_ENUMERATE_PROXY,Proxy 145,0,1,0,0,133
1078,723.9881969352267,ENUMERATE_PROXY,Proxy 146,0,0,0,0,134
1079,724.0831574125106,ENUMERATE_PROXY,Proxy 147,0,0,0,0,135
1080,725.8684278309154,MISS_ENUMERATE_PROXY,Proxy 142,0,3,0,0,135
1081,730.969613906559,MISS_ENUMERATE_PROXY,Proxy 143,1,1,0,0,135
1082,731.4012381597056,ENUMERATE_PROXY,Proxy 148,0,0,0,0,136
1083,731.5296436421121,MISS_ENUMERATE_PROXY,Proxy 141,2,1,0,0,136
1084,732.9922617710506,MISS_ENUMERATE_PROXY,Proxy 147,0,1,0,0,136
1085,733.4649820058903,ENUMERATE_PROXY,Proxy 140,1,0,0,0,137
1086,734.5281636143181,MISS_ENUMERATE_PROXY,Proxy 146,0,1,0,0,137
1087,737.5308248953427,MISS_ENUMERATE_PROXY,Proxy 146,0,2,0,0,137
1088,739.0047454857403,MISS_ENUMERATE_PROXY,Proxy 148,0,1,0,0,137
1089,744.8136917003527,MISS_ENUMERATE_PROXY,Proxy 143,1,2,0,0,137
1090,746.6496674301816,MISS_ENUMERATE_PROXY,Proxy 142,0,4,0,0,137
1091,747.8208295819039,MISS_ENUMERATE_PROXY,Proxy 144,1,2,0,0,137
1092,748.8357812922706,MISS_ENUMERATE_PROXY,Proxy 141,3,2,0,0,137
1093,748.8767718314566,ENUMERATE_PROXY,Proxy 150,0,0,0,0,138
1094,748.9650987693557,MISS_ENUMERATE_PROXY,Proxy 145,0,2,0,0,138
1095,749.2585327476543,MISS_ENUMERATE_PROXY,Proxy 148,0,2,0,0,138
1096,749.4969796312522,MISS_ENUMERATE_PROXY,Proxy 143,1,3,0,0,138
1097,752.5379922110977,MISS_ENUMERATE_PROXY,Proxy 145,0,3,0,0,138
1098,753.7498551230472,MISS_ENUMERATE_PROXY,Proxy 142,0,5,0,0,138
1099,756.2494502306148,MISS_ENUMERATE_PROXY,Proxy 145,0,4,0,0,138
1100,759.862145328239,ENUMERATE_PROXY,Proxy 149,1,0,0,0,139
1101,760.9583462317205,MISS_ENUMERATE_PROXY,Proxy 146,0,3,0,0,139
1102,762.7847679070591,MISS_ENUMERATE_PROXY,Proxy 146,0,4,0,0,139
1103,764.4325988956973,MISS_ENUMERATE_PROXY,Proxy 150,0,1,0,0,139
1104,765.6410623956207,ENUMERATE_PROXY,Proxy 152,0,0,0,0,140
1105,766.94533118443,MISS_ENUMERATE_PROXY,Proxy 147,1,2,0,0,140
1106,769.1116635043495,MISS_ENUMERATE_PROXY,Proxy 146,0,5,0,0,140
1107,769.9493002177558,ENUMERATE_PROXY,Proxy 153,0,0,0,0,141
1108,771.0090765249222,MISS_ENUMERATE_PROXY,Proxy 148,1,3,0,0,141
1109,771.6749718657203,MISS_ENUMERATE_PROXY,Proxy 153,0,1,0,0,141
1110,779.4594694110788,ENUMERATE_PROXY,Proxy 155,2,0,0,0,142
1111,780.2648706057137,MISS_ENUMERATE_PROXY,Proxy 149,1,1,0,0,142
1112,784.1538560053078,MISS_ENUMERATE_PROXY,Proxy 155,2,1,0,0,142
1113,787.5351260337075,MISS_ENUMERATE_PROXY,Proxy 155,2,2,0,0,142
1114,789.9115211342203,MISS_ENUMERATE_PROXY,Proxy 155,2,3,0,0,142
1115,792.7800836816002,ENUMERATE_PROXY,Proxy 154,1,0,0,0,143
1116,797.0945978475365,MISS_ENUMERATE_PROXY,Proxy 154,1,1,0,0,143
1117,799.6223324005505,ENUMERATE_PROXY,Proxy 158,0,0,0,0,144
1118,803.6004440016453,ENUMERATE_PROXY,Proxy 159,0,0,0,0,145
1119,803.6406271477829,ENUMERATE_PROXY,Proxy 157,2,0,0,0,146
1120,805.2882440743055,MISS_ENUMERATE_PROXY,Proxy 152,0,1,0,0,146
1121,806.6848586502059,MISS_ENUMERATE_PROXY,Proxy 157,2,1,0,0,146
1122,811.9589939625262,MISS_ENUMERATE_PROXY,Proxy 158,1,1,0,0,146
1123,813.6303289355817,MISS_ENUMERATE_PROXY,Proxy 157,2,2,0,0,146
1124,814.7964046473766,ENUMERATE_PROXY,Proxy 161,0,0,0,0,147
1125,816.7293331355378,ENUMERATE_PROXY,Proxy 160,0,0,0,0,148
1126,824.4769236188224,MISS_ENUMERATE_PROXY,Proxy 157,2,3,0,0,148
1127,825.0283949244731,MISS_ENUMERATE_PROXY,Proxy 155,3,4,0,0,148
1128,828.5923448301447,ENUMERATE_PROXY,Proxy 163,0,0,0,0,149
1129,831.2778503547431,ENUMERATE_PROXY,Proxy 162,3,0,0,0,150
1130,841.963067295895,ENUMERATE_PROXY,Proxy 156,6,0,0,0,151
1131,842.152694567666,MISS_ENUMERATE_PROXY,Proxy 159,0,1,0,0,151
1132,843.0889048819167,MISS_ENUMERATE_PROXY,Proxy 161,1,1,0,0,151
1133,845.5331815809707,MISS_ENUMERATE_PROXY,Proxy 163,0,1,0,0,151
1134,848.2270207255274,MISS_ENUMERATE_PROXY,Proxy 160,0,1,0,0,151
1135,849.4420782289183,MISS_ENUMERATE_PROXY,Proxy 163,0,2,0,0,151
1136,851.4008007195133,ENUMERATE_PROXY,Proxy 167,0,0,0,0,152
1137,852.0343324178094,MISS_ENUMERATE_PROXY,Proxy 163,0,3,0,0,152
1138,852.3687733804181,MISS_ENUMERATE_PROXY,Proxy 160,0,2,0,0,152
1139,853.9077622297021,ENUMERATE_PROXY,Proxy 168,1,0,0,0,153
1140,856.4701088308123,ENUMERATE_PROXY,Proxy 165,1,0,0,0,154
1141,858.0636300793523,MISS_ENUMERATE_PROXY,Proxy 167,0,1,0,0,154
1142,862.7246509938509,ENUMERATE_PROXY,Proxy 169,0,0,0,0,155
1143,865.1053492497639,MISS_ENUMERATE_PROXY,Proxy 169,0,1,0,0,155
1144,865.1782385552017,MISS_ENUMERATE_PROXY,Proxy 161,3,2,0,0,155
1145,865.6642039562737,MISS_ENUMERATE_PROXY,Proxy 161,3,3,0,0,155
1146,866.1183000716145,MISS_ENUMERATE_PROXY,Proxy 167,0,2,0,0,155
1147,866.8886403771062,MISS_ENUMERATE_PROXY,Proxy 168,1,1,0,0,155
1148,869.8995407165421,MISS_ENUMERATE_PROXY,Proxy 162,6,1,0,0,155
1149,870.760884388166,ENUMERATE_PROXY,Proxy 164,6,0,0,0,156
1150,870.847560513132,ENUMERATE_PROXY,Proxy 171,0,0,0,0,157
1151,874.188005684383,MISS_ENUMERATE_PROXY,Proxy 167,1,3,0,0,157
1152,874.6389576866827,MISS_ENUMERATE_PROXY,Proxy 163,0,4,0,0,157
1153,880.8249290164034,MISS_ENUMERATE_PROXY,Proxy 167,2,4,0,0,157
1154,881.1418482901536,ENUMERATE_PROXY,Proxy 174,0,0,0,0,158
1155,890.1406284106114,MISS_ENUMERATE_PROXY,Proxy 169,0,2,0,0,158
1156,890.728556713022,ENUMERATE_PROXY,Proxy 170,1,0,0,0,159
1157,896.3039728954553,MISS_ENUMERATE_PROXY,Proxy 174,0,1,0,0,159
1158,898.8886578586421,ENUMERATE_PROXY,Proxy 176,1,0,0,0,160
1159,900.5076542083101,MISS_ENUMERATE_PROXY,Proxy 176,1,1,0,0,160
1160,908.5205740483905,MISS_ENUMERATE_PROXY,Proxy 169,3,3,0,0,160
1161,911.1921208731189,ENUMERATE_PROXY,Proxy 175,1,0,0,0,161
1162,911.7028726339885,MISS_ENUMERATE_PROXY,Proxy 174,1,2,0,0,161
1163,911.7192360010531,MISS_ENUMERATE_PROXY,Proxy 175,1,1,0,0,161
1164,912.2431017777438,ENUMERATE_PROXY,Proxy 172,1,0,0,0,162
1165,912.6495721044405,ENUMERATE_PROXY,Proxy 179,0,0,0,0,163
1166,913.6037498012879,MISS_ENUMERATE_PROXY,Proxy 179,0,1,0,0,163
1167,915.3398140621205,ENUMERATE_PROXY,Proxy 177,0,0,0,0,164
1168,917.3173109423851,MISS_ENUMERATE_PROXY,Proxy 176,3,2,0,0,164
1169,917.9437302842363,MISS_ENUMERATE_PROXY,Proxy 176,3,3,0,0,164
1170,919.5015759159909,MISS_ENUMERATE_PROXY,Proxy 179,0,2,0,0,164
1171,919.6024083768976,MISS_ENUMERATE_PROXY,Proxy 174,1,3,0,0,164
1172,921.2851783895674,ENUMERATE_PROXY,Proxy 182,1,0,0,0,165
1173,921.4982932365713,MISS_ENUMERATE_PROXY,Proxy 177,0,1,0,0,165
1174,921.8727961831736,MISS_ENUMERATE_PROXY,Proxy 179,0,3,0,0,165
1175,923.5862069011766,MISS_ENUMERATE_PROXY,Proxy 175,2,2,0,0,165
1176,927.8417809965947,MISS_ENUMERATE_PROXY,Proxy 182,2,1,0,0,165
1177,928.816735359759,MISS_ENUMERATE_PROXY,Proxy 179,0,4,0,0,165
1178,931.7419685243866,MISS_ENUMERATE_PROXY,Proxy 177,2,2,0,0,165
1179,937.1377886797325,ENUMERATE_PROXY,Proxy 181,1,0,0,0,166
1180,939.1663696682185,MISS_ENUMERATE_PROXY,Proxy 179,0,5,0,0,166
1181,941.6121591175203,MISS_ENUMERATE_PROXY,Proxy 181,1,1,0,0,166
1182,946.6355647815777,ENUMERATE_PROXY,Proxy 180,5,0,0,0,167
1183,947.7655939984293,MISS_ENUMERATE_PROXY,Proxy 181,1,2,0,0,167
1184,947.9807653140684,MISS_ENUMERATE_PROXY,Proxy 182,3,2,0,0,167
1185,948.7675436099631,MISS_ENUMERATE_PROXY,Proxy 179,0,6,0,0,167
1186,949.826578758813,MISS_ENUMERATE_PROXY,Proxy 181,1,3,0,0,167
1187,950.7303306317918,MISS_ENUMERATE_PROXY,Proxy 179,0,7,0,0,167
1188,957.1290031776882,ENUMERATE_PROXY,Proxy 185,0,0,0,0,168
1189,958.6233912474568,MISS_ENUMERATE_PROXY,Proxy 185,0,1,0,0,168
1190,958.8843231880846,MISS_ENUMERATE_PROXY,Proxy 181,2,4,0,0,168
1191,959.2110537323451,ENUMERATE_PROXY,Proxy 189,1,0,0,0,169
1192,961.3716858985448,ENUMERATE_PROXY,Proxy 188,1,0,0,0,170
1193,962.1839919476165,MISS_ENUMERATE_PROXY,Proxy 185,0,2,0,0,170
1194,963.9050691625187,ENUMERATE_PROXY,Proxy 183,1,0,0,0,171
1195,969.4223910057691,MISS_ENUMERATE_PROXY,Proxy 189,1,1,0,0,171
1196,977.0365308202979,ENUMERATE_PROXY,Proxy 191,0,0,0,0,172
1197,977.3262692434428,ENUMERATE_PROXY,Proxy 184,5,0,0,0,173
1198,978.0363859085952,ENUMERATE_PROXY,Proxy 187,0,0,0,0,174
1199,981.9733655059598,ENUMERATE_PROXY,Proxy 186,1,0,0,0,175
1200,985.8241302168369,ENUMERATE_PROXY,Proxy 193,0,0,0,0,176
1201,986.5160617495686,ENUMERATE_PROXY,Proxy 194,0,0,0,0,177
1202,986.5777869357706,MISS_ENUMERATE_PROXY,Proxy 187,0,1,0,0,177
1203,988.3175480409777,MISS_ENUMERATE_PROXY,Proxy 191,1,1,0,0,177
1204,988.4094895782428,MISS_ENUMERATE_PROXY,Proxy 189,2,2,0,0,177
1205,990.6662036804746,MISS_ENUMERATE_PROXY,Proxy 189,3,3,0,0,177
1206,991.5436132551807,MISS_ENUMERATE_PROXY,Proxy 188,1,1,0,0,177
1207,991.7063918298717,MISS_ENUMERATE_PROXY,Proxy 193,1,1,0,0,177
1208,996.8070722483895,ENUMERATE_PROXY,Proxy 196,1,0,0,0,178
1209,1002.6300769877665,MISS_ENUMERATE_PROXY,Proxy 193,2,2,0,0,178
1210,1003.4232532315685,MISS_ENUMERATE_PROXY,Proxy 191,1,2,0,0,178
1211,1011.2768376989299,MISS_ENUMERATE_PROXY,Proxy 194,1,1,0,0,178
1212,1016.9748979007129,ENUMERATE_PROXY,Proxy 195,3,0,0,0,179
1213,1018.777473770331,MISS_ENUMERATE_PROXY,Proxy 193,2,3,0,0,179
1214,1023.4842825496486,ENUMERATE_PROXY,Proxy 192,4,0,0,0,180
1215,1024.1234079646697,ENUMERATE_PROXY,Proxy 198,1,0,0,0,181
1216,1027.3816807379355,MISS_ENUMERATE_PROXY,Proxy 1,0,1,0,0,181
1217,1027.474167191116,MISS_ENUMERATE_PROXY,Proxy 196,5,1,0,0,181
1218,1027.7932130165455,MISS_ENUMERATE_PROXY,Proxy 0,1,1,0,0,181
1219,1028.547140579069,MISS_ENUMERATE_PROXY,Proxy 198,1,1,0,0,181
1220,1032.5431687557582,MISS_ENUMERATE_PROXY,Proxy 1,0,2,0,0,181
1221,1032.5937048776448,ENUMERATE_PROXY,Proxy 2,1,0,0,0,182
1222,1033.42410449951,MISS_ENUMERATE_PROXY,Proxy 196,5,2,0,0,182
1223,1034.3747138423005,ENUMERATE_PROXY,Proxy 197,3,0,0,0,183
1224,1035.0061740966942,MISS_ENUMERATE_PROXY,Proxy 3,0,3,0,0,183
1225,1036.747909218028,ENUMERATE_PROXY,Proxy 199,2,0,0,0,184
1226,1036.9903276217663,MISS_ENUMERATE_PROXY,Proxy 198,1,2,0,0,184
1227,1037.052735825693,MISS_ENUMERATE_PROXY,Proxy 1,1,3,0,0,184
1228,1037.7923174352,MISS_ENUMERATE_PROXY,Proxy 3,0,4,0,0,184
1229,1039.0757836553241,MISS_ENUMERATE_PROXY,Proxy 1,1,4,0,0,184
1230,1042.829931675092,MISS_ENUMERATE_PROXY,Proxy 198,1,3,0,0,184
1231,1044.0520116994821,ENUMERATE_PROXY,Proxy 4,3,0,0,0,185
1232,1044.8632446740255,MISS_ENUMERATE_PROXY,Proxy 6,1,1,0,0,185
1233,1048.7834570570037,MISS_ENUMERATE_PROXY,Proxy 6,1,2,0,0,185
1234,1050.074075135454,MISS_ENUMERATE_PROXY,Proxy 198,3,4,0,0,185
1235,1050.0825968183617,ENUMERATE_PROXY,Proxy 5,0,0,0,0,186
1236,1051.7107195027413,MISS_ENUMERATE_PROXY,Proxy 8,2,2,0,0,186
1237,1053.8426831284594,MISS_ENUMERATE_PROXY,Proxy 4,3,1,0,0,186
1238,1054.654906032181,MISS_ENUMERATE_PROXY,Proxy 0,2,2,0,0,186
1239,1055.7056906886057,MISS_ENUMERATE_PROXY,Proxy 7,4,4,0,0,186
1240,1057.2220231461922,MISS_ENUMERATE_PROXY,Proxy 1,2,5,0,0,186
1241,1059.4523867740195,MISS_ENUMERATE_PROXY,Proxy 9,2,3,0,0,186
1242,1060.618430237411,MISS_ENUMERATE_PROXY,Proxy 7,4,5,0,0,186
1243,1060.7075061835137,MISS_ENUMERATE_PROXY,Proxy 8,2,3,0,0,186
1244,1060.8299976988953,MISS_ENUMERATE_PROXY,Proxy 7,4,6,0,0,186
1245,1063.6832541834847,MISS_ENUMERATE_PROXY,Proxy 4,3,2,0,0,186
1246,1064.3350094360064,MISS_ENUMERATE_PROXY,Proxy 11,6,3,0,0,186
1247,1066.2150940550741,MISS_ENUMERATE_PROXY,Proxy 6,1,3,0,0,186
1248,1066.8594758125282,MISS_ENUMERATE_PROXY,Proxy 7,5,7,0,0,186
1249,1067.8405512518668,MISS_ENUMERATE_PROXY,Proxy 9,2,4,0,0,186
1250,1067.91073347297,MISS_ENUMERATE_PROXY,Proxy 3,0,5,0,0,186
1251,1069.1873895327558,MISS_ENUMERATE_PROXY,Proxy 11,6,4,0,0,186
1252,1070.6511822737111,MISS_ENUMERATE_PROXY,Proxy 10,5,3,0,0,186
1253,1073.6817472505656,MISS_ENUMERATE_PROXY,Proxy 13,4,1,0,0,186
1254,1075.256014463212,MISS_ENUMERATE_PROXY,Proxy 13,4,2,0,0,186
1255,1075.803586811635,MISS_ENUMERATE_PROXY,Proxy 6,1,4,0,0,186
1256,1076.486132125286,MISS_ENUMERATE_PROXY,Proxy 9,2,5,0,0,186
1257,1076.5776538147163,MISS_ENUMERATE_PROXY,Proxy 12,2,2,0,0,186
1258,1078.7933959579432,MISS_ENUMERATE_PROXY,Proxy 8,4,4,0,0,186
1259,1079.565962632001,MISS_ENUMERATE_PROXY,Proxy 15,0,2,0,0,186
1260,1079.7383165555132,MISS_ENUMERATE_PROXY,Proxy 10,5,4,0,0,186
1261,1081.7545300807624,MISS_ENUMERATE_PROXY,Proxy 11,7,5,0,0,186
1262,1081.960980690413,MISS_ENUMERATE_PROXY,Proxy 7,5,8,0,0,186
1263,1081.9741616648023,MISS_ENUMERATE_PROXY,Proxy 15,0,3,0,0,186
1264,1082.5587213190283,MISS_ENUMERATE_PROXY,Proxy 10,6,5,0,0,186
1265,1083.5820399193315,MISS_ENUMERATE_PROXY,Proxy 11,7,6,0,0,186
1266,1084.3057300128166,MISS_ENUMERATE_PROXY,Proxy 8,4,5,0,0,186
1267,1084.7530426360722,MISS_ENUMERATE_PROXY,Proxy 16,5,2,0,0,186
1268,1085.9332459755058,MISS_ENUMERATE_PROXY,Proxy 13,4,3,0,0,186
1269,1085.958855536786,MISS_ENUMERATE_PROXY,Proxy 17,3,3,0,0,186
1270,1088.9271974909532,MISS_ENUMERATE_PROXY,Proxy 16,5,3,0,0,186
1271,1089.2948210013053,MISS_ENUMERATE_PROXY,Proxy 16,5,4,0,0,186
1272,1090.6159634807623,MISS_ENUMERATE_PROXY,Proxy 16,5,5,0,0,186
1273,1094.7773527645847,MISS_ENUMERATE_PROXY,Proxy 14,3,3,0,0,186
1274,1096.0766586033865,MISS_ENUMERATE_PROXY,Proxy 19,2,3,0,0,186
1275,1099.5286510014566,MISS_ENUMERATE_PROXY,Proxy 18,6,3,0,0,186
1276,1103.3776099478182,MISS_ENUMERATE_PROXY,Proxy 13,4,4,0,0,186
1277,1105.0613191909586,MISS_ENUMERATE_PROXY,Proxy 14,3,4,0,0,186
1278,1105.192765199362,MISS_ENUMERATE_PROXY,Proxy 19,2,4,0,0,186
1279,1110.182386553903,MISS_ENUMERATE_PROXY,Proxy 16,5,6,0,0,186
1280,1112.1670677494615,MISS_ENUMERATE_PROXY,Proxy 18,6,4,0,0,186
1281,1112.3745023725287,MISS_ENUMERATE_PROXY,Proxy 13,5,5,0,0,186
1282,1112.3796107532844,MISS_ENUMERATE_PROXY,Proxy 19,2,5,0,0,186
1283,1112.5740926946269,MISS_ENUMERATE_PROXY,Proxy 14,4,5,0,0,186
1284,1113.1473792502213,MISS_ENUMERATE_PROXY,Proxy 21,2,1,0,0,186
1285,1114.6882647800276,MISS_ENUMERATE_PROXY,Proxy 22,3,1,0,0,186
1286,1115.2768307031188,MISS_ENUMERATE_PROXY,Proxy 17,4,4,0,0,186
1287,1118.694919514542,MISS_ENUMERATE_PROXY,Proxy 24,1,4,0,0,186
1288,1121.0031855506193,MISS_ENUMERATE_PROXY,Proxy 20,3,1,0,0,186
1289,1122.1494079370414,MISS_ENUMERATE_PROXY,Proxy 25,3,2,0,0,186
1290,1122.9388152644474,MISS_ENUMERATE_PROXY,Proxy 16,6,7,0,0,186
1291,1123.7818630030686,MISS_ENUMERATE_PROXY,Proxy 20,3,2,0,0,186
1292,1123.8255814251788,MISS_ENUMERATE_PROXY,Proxy 22,3,2,0,0,186
1293,1125.2014447533004,MISS_ENUMERATE_PROXY,Proxy 25,3,3,0,0,186
1294,1127.759712152778,MISS_ENUMERATE_PROXY,Proxy 20,3,3,0,0,186
1295,1129.2166625979028,MISS_ENUMERATE_PROXY,Proxy 26,5,3,0,0,186
1296,1129.8858249240857,MISS_ENUMERATE_PROXY,Proxy 21,3,2,0,0,186
1297,1130.2568379635068,MISS_ENUMERATE_PROXY,Proxy 28,1,6,0,0,186
1298,1131.224726688947,MISS_ENUMERATE_PROXY,Proxy 19,4,6,0,0,186
1299,1131.3201817265929,MISS_ENUMERATE_PROXY,Proxy 22,4,3,0,0,186
1300,1131.4627968237842,MISS_ENUMERATE_PROXY,Proxy 21,3,3,0,0,186
1301,1132.128176631916,MISS_ENUMERATE_PROXY,Proxy 26,5,4,0,0,186
1302,1141.3161232125722,MISS_ENUMERATE_PROXY,Proxy 28,1,7,0,0,186
1303,1143.6852491868945,MISS_ENUMERATE_PROXY,Proxy 30,2,2,0,0,186
1304,1144.1229321920564,MISS_ENUMERATE_PROXY,Proxy 25,4,4,0,0,186
1305,1144.1798783338027,MISS_ENUMERATE_PROXY,Proxy 28,1,8,0,0,186
1306,1144.2529053955486,ENUMERATE_PROXY,Proxy 29,3,0,0,0,187
1307,1144.9196545667696,MISS_ENUMERATE_PROXY,Proxy 30,2,3,0,0,187
1308,1150.224274453773,MISS_ENUMERATE_PROXY,Proxy 24,6,5,0,0,187
1309,1152.3297981563308,MISS_ENUMERATE_PROXY,Proxy 29,5,1,0,0,187
1310,1156.9990446461782,MISS_ENUMERATE_PROXY,Proxy 27,4,1,0,0,187
1311,1157.2788581474908,MISS_ENUMERATE_PROXY,Proxy 25,4,5,0,0,187
1312,1157.3498400601634,MISS_ENUMERATE_PROXY,Proxy 30,5,4,0,0,187
1313,1157.6227228126377,MISS_ENUMERATE_PROXY,Proxy 33,0,4,0,0,187
1314,1159.8762895901918,MISS_ENUMERATE_PROXY,Proxy 27,4,2,0,0,187
1315,1160.4949133344223,MISS_ENUMERATE_PROXY,Proxy 28,1,9,0,0,187
1316,1162.26640181372,ENUMERATE_PROXY,Proxy 34,4,0,0,0,188
1317,1163.5813335591265,MISS_ENUMERATE_PROXY,Proxy 26,6,5,0,0,188
1318,1167.1986715079636,MISS_ENUMERATE_PROXY,Proxy 32,3,5,0,0,188
1319,1167.6523525581206,MISS_ENUMERATE_PROXY,Proxy 36,2,3,0,0,188
1320,1173.959768922242,MISS_ENUMERATE_PROXY,Proxy 31,0,5,0,0,188
1321,1175.1107927015282,MISS_ENUMERATE_PROXY,Proxy 32,3,6,0,0,188
1322,1180.3727324633003,MISS_ENUMERATE_PROXY,Proxy 37,3,2,0,0,188
1323,1187.9066683502147,MISS_ENUMERATE_PROXY,Proxy 34,5,1,0,0,188
1324,1189.4511920670798,MISS_ENUMERATE_PROXY,Proxy 30,5,5,0,0,188
1325,1198.2666312666565,MISS_ENUMERATE_PROXY,Proxy 34,6,2,0,0,188
1326,1199.1392721756285,MISS_ENUMERATE_PROXY,Proxy 31,1,6,0,0,188
1327,1201.1809164976594,MISS_ENUMERATE_PROXY,Proxy 36,4,4,0,0,188
1328,1202.4390815968516,MISS_ENUMERATE_PROXY,Proxy 41,0,3,0,0,188
1329,1206.7729599576319,MISS_ENUMERATE_PROXY,Proxy 34,7,3,0,0,188
1330,1206.9478638150001,MISS_ENUMERATE_PROXY,Proxy 35,10,3,0,0,188
1331,1207.875654846281,MISS_ENUMERATE_PROXY,Proxy 34,7,4,0,0,188
1332,1212.1630390007845,MISS_ENUMERATE_PROXY,Proxy 38,3,5,0,0,188
1333,1212.6318766421462,MISS_ENUMERATE_PROXY,Proxy 35,10,4,0,0,188
1334,1213.8643006621835,MISS_ENUMERATE_PROXY,Proxy 34,7,5,0,0,188
1335,1214.454895947267,MISS_ENUMERATE_PROXY,Proxy 36,7,5,0,0,188
1336,1215.0537634047296,MISS_ENUMERATE_PROXY,Proxy 39,2,2,0,0,188
1337,1218.6654127662284,MISS_ENUMERATE_PROXY,Proxy 38,3,6,0,0,188
1338,1220.5540611818133,MISS_ENUMERATE_PROXY,Proxy 38,3,7,0,0,188
1339,1220.946776518226,MISS_ENUMERATE_PROXY,Proxy 43,4,3,0,0,188
1340,1222.4664548979222,MISS_ENUMERATE_PROXY,Proxy 39,2,3,0,0,188
1341,1223.491073356146,MISS_ENUMERATE_PROXY,Proxy 38,3,8,0,0,188
1342,1224.5836266207734,MISS_ENUMERATE_PROXY,Proxy 39,2,4,0,0,188
1343,1224.635816973053,MISS_ENUMERATE_PROXY,Proxy 42,4,1,0,0,188
1344,1225.721558406515,MISS_ENUMERATE_PROXY,Proxy 43,4,4,0,0,188
1345,1227.8205712738375,MISS_ENUMERATE_PROXY,Proxy 41,1,4,0,0,188
1346,1229.7143947025938,MISS_ENUMERATE_PROXY,Proxy 41,1,5,0,0,188
1347,1229.7890197037336,MISS_ENUMERATE_PROXY,Proxy 39,2,5,0,0,188
1348,1231.3491824235891,MISS_ENUMERATE_PROXY,Proxy 43,4,5,0,0,188
1349,1231.9260909450786,MISS_ENUMERATE_PROXY,Proxy 40,2,3,0,0,188
1350,1233.7252508562326,MISS_ENUMERATE_PROXY,Proxy 42,5,2,0,0,188
1351,1235.496341760024,MISS_ENUMERATE_PROXY,Proxy 45,0,3,0,0,188
1352,1235.8050452477187,MISS_ENUMERATE_PROXY,Proxy 49,2,2,0,0,188
1353,1236.4034377584248,MISS_ENUMERATE_PROXY,Proxy 40,3,4,0,0,188
1354,1239.8793101380852,MISS_ENUMERATE_PROXY,Proxy 48,5,3,0,0,188
1355,1241.762424031601,MISS_ENUMERATE_PROXY,Proxy 46,3,3,0,0,188
1356,1242.3157912262152,MISS_ENUMERATE_PROXY,Proxy 41,3,6,0,0,188
1357,1245.728274075245,MISS_ENUMERATE_PROXY,Proxy 44,3,4,0,0,188
1358,1247.0491202037774,MISS_ENUMERATE_PROXY,Proxy 48,5,4,0,0,188
1359,1247.5622204011595,MISS_ENUMERATE_PROXY,Proxy 50,1,2,0,0,188
1360,1251.7033444848898,MISS_ENUMERATE_PROXY,Proxy 43,4,6,0,0,188
1361,1252.3336155546422,MISS_ENUMERATE_PROXY,Proxy 44,3,5,0,0,188
1362,1254.1905872514367,MISS_ENUMERATE_PROXY,Proxy 50,2,3,0,0,188
1363,1255.1985158316645,ENUMERATE_PROXY,Proxy 47,4,0,0,0,189
1364,1255.7202447767313,MISS_ENUMERATE_PROXY,Proxy 48,5,5,0,0,189
1365,1257.1590509600849,MISS_ENUMERATE_PROXY,Proxy 45,1,4,0,0,189
1366,1257.789198668962,MISS_ENUMERATE_PROXY,Proxy 49,2,3,0,0,189
1367,1258.7945213235726,MISS_ENUMERATE_PROXY,Proxy 51,5,3,0,0,189
1368,1262.763865183439,MISS_ENUMERATE_PROXY,Proxy 53,5,4,0,0,189
1369,1264.2948367664942,MISS_ENUMERATE_PROXY,Proxy 54,5,1,0,0,189
1370,1264.5701455361952,MISS_ENUMERATE_PROXY,Proxy 54,5,2,0,0,189
1371,1264.8631599752366,MISS_ENUMERATE_PROXY,Proxy 48,7,6,0,0,189
1372,1271.4454139453976,MISS_ENUMERATE_PROXY,Proxy 53,5,5,0,0,189
1373,1273.7179747487892,MISS_ENUMERATE_PROXY,Proxy 51,6,4,0,0,189
1374,1275.808478453055,MISS_ENUMERATE_PROXY,Proxy 51,7,5,0,0,189
1375,1277.2797999547136,MISS_ENUMERATE_PROXY,Proxy 49,3,4,0,0,189
1376,1278.5894668453157,MISS_ENUMERATE_PROXY,Proxy 55,2,1,0,0,189
1377,1281.0735896089336,ENUMERATE_PROXY,Proxy 52,5,0,0,0,190
1378,1281.7477189482163,MISS_ENUMERATE_PROXY,Proxy 55,3,2,0,0,190
1379,1286.619395529747,MISS_ENUMERATE_PROXY,Proxy 51,7,6,0,0,190
1380,1288.5904407229357,MISS_ENUMERATE_PROXY,Proxy 57,2,3,0,0,190
1381,1293.8412803340752,ENUMERATE_PROXY,Proxy 56,2,0,0,0,191
1382,1294.121395076997,MISS_ENUMERATE_PROXY,Proxy 56,3,1,0,0,191
1383,1296.4332302889952,MISS_ENUMERATE_PROXY,Proxy 54,9,3,0,0,191
1384,1297.5806691000319,MISS_ENUMERATE_PROXY,Proxy 56,5,2,0,0,191
1385,1297.796583937416,MISS_ENUMERATE_PROXY,Proxy 57,3,4,0,0,191
1386,1298.3207068625998,MISS_ENUMERATE_PROXY,Proxy 56,5,3,0,0,191
1387,1299.328595021252,MISS_ENUMERATE_PROXY,Proxy 58,3,3,0,0,191
1388,1299.4347372366003,ENUMERATE_PROXY,Proxy 61,5,0,0,0,192
1389,1300.3182192452227,MISS_ENUMERATE_PROXY,Proxy 60,4,2,0,0,192
1390,1300.3937123754583,MISS_ENUMERATE_PROXY,Proxy 56,5,4,0,0,192
1391,1300.9365353281282,MISS_ENUMERATE_PROXY,Proxy 59,3,3,0,0,192
1392,1301.2288293439537,MISS_ENUMERATE_PROXY,Proxy 56,5,5,0,0,192
1393,1302.256403535139,MISS_ENUMERATE_PROXY,Proxy 63,2,2,0,0,192
1394,1302.4144822595529,MISS_ENUMERATE_PROXY,Proxy 56,5,6,0,0,192
1395,1303.3244429585961,MISS_ENUMERATE_PROXY,Proxy 58,3,4,0,0,192
1396,1304.0536199285505,MISS_ENUMERATE_PROXY,Proxy 58,3,5,0,0,192
1397,1312.3511025217626,MISS_ENUMERATE_PROXY,Proxy 60,5,3,0,0,192
1398,1314.1047386804646,MISS_ENUMERATE_PROXY,Proxy 60,5,4,0,0,192
1399,1319.0257871105277,MISS_ENUMERATE_PROXY,Proxy 60,5,5,0,0,192
1400,1319.192829717764,MISS_ENUMERATE_PROXY,Proxy 65,4,3,0,0,192
1401,1320.4887341895042,MISS_ENUMERATE_PROXY,Proxy 63,3,3,0,0,192
1402,1320.8463687494325,MISS_ENUMERATE_PROXY,Proxy 62,3,4,0,0,192
1403,1321.8147330953334,MISS_ENUMERATE_PROXY,Proxy 66,2,3,0,0,192
1404,1322.4481577072993,MISS_ENUMERATE_PROXY,Proxy 61,5,1,0,0,192
1405,1323.2603313229242,MISS_ENUMERATE_PROXY,Proxy 64,4,3,0,0,192
1406,1324.1711621421753,MISS_ENUMERATE_PROXY,Proxy 67,2,4,0,0,192
1407,1325.9661905819594,MISS_ENUMERATE_PROXY,Proxy 69,3,4,0,0,192
1408,1331.537386469404,MISS_ENUMERATE_PROXY,Proxy 67,3,5,0,0,192
1409,1331.7594587216013,MISS_ENUMERATE_PROXY,Proxy 65,4,4,0,0,192
1410,1333.6482751358583,MISS_ENUMERATE_PROXY,Proxy 64,5,4,0,0,192
1411,1336.767238613151,MISS_ENUMERATE_PROXY,Proxy 69,6,5,0,0,192
1412,1336.9009103271744,MISS_ENUMERATE_PROXY,Proxy 68,3,2,0,0,192
1413,1338.2334961583797,MISS_ENUMERATE_PROXY,Proxy 71,2,3,0,0,192
1414,1339.5795142371358,MISS_ENUMERATE_PROXY,Proxy 70,1,3,0,0,192
1415,1342.5976634256892,MISS_ENUMERATE_PROXY,Proxy 68,3,3,0,0,192
1416,1343.9411071468824,MISS_ENUMERATE_PROXY,Proxy 65,5,5,0,0,192
1417,1348.4239457727576,MISS_ENUMERATE_PROXY,Proxy 68,4,4,0,0,192
1418,1349.3700738615278,MISS_ENUMERATE_PROXY,Proxy 69,6,6,0,0,192
1419,1353.8512811313974,MISS_ENUMERATE_PROXY,Proxy 69,7,7,0,0,192
1420,1354.6017095450775,MISS_ENUMERATE_PROXY,Proxy 71,3,4,0,0,192
1421,1357.3114570734242,MISS_ENUMERATE_PROXY,Proxy 71,3,5,0,0,192
1422,1363.9225262914556,MISS_ENUMERATE_PROXY,Proxy 76,4,3,0,0,192
1423,1365.4394542251391,MISS_ENUMERATE_PROXY,Proxy 70,1,4,0,0,192
1424,1366.4363136574989,MISS_ENUMERATE_PROXY,Proxy 77,1,4,0,0,192
1425,1366.5292864569772,MISS_ENUMERATE_PROXY,Proxy 68,4,5,0,0,192
1426,1369.9475976213098,MISS_ENUMERATE_PROXY,Proxy 73,1,2,0,0,192
1427,1372.3557585233555,MISS_ENUMERATE_PROXY,Proxy 76,5,4,0,0,192
1428,1376.3823885005654,MISS_ENUMERATE_PROXY,Proxy 77,1,5,0,0,192
1429,1378.6717339185952,MISS_ENUMERATE_PROXY,Proxy 70,1,5,0,0,192
1430,1381.8575305528525,MISS_ENUMERATE_PROXY,Proxy 71,4,6,0,0,192
1431,1385.032852605737,MISS_ENUMERATE_PROXY,Proxy 76,6,5,0,0,192
1432,1388.7071535258212,MISS_ENUMERATE_PROXY,Proxy 74,9,2,0,0,192
1433,1392.6561033689327,MISS_ENUMERATE_PROXY,Proxy 80,8,5,0,0,192
1434,1396.7235898934464,MISS_ENUMERATE_PROXY,Proxy 75,5,3,0,0,192
1435,1396.9713672694088,MISS_ENUMERATE_PROXY,Proxy 78,1,2,0,0,192
1436,1398.8461317314488,MISS_ENUMERATE_PROXY,Proxy 75,5,4,0,0,192
1437,1401.2757336374257,MISS_ENUMERATE_PROXY,Proxy 76,6,6,0,0,192
1438,1413.3256430851773,MISS_ENUMERATE_PROXY,Proxy 75,5,5,0,0,192
1439,1414.8995859089841,MISS_ENUMERATE_PROXY,Proxy 75,5,6,0,0,192
1440,1418.2388274067237,MISS_ENUMERATE_PROXY,Proxy 82,1,4,0,0,192
1441,1419.1693543665208,MISS_ENUMERATE_PROXY,Proxy 80,11,6,0,0,192
1442,1420.9854884241488,MISS_ENUMERATE_PROXY,Proxy 78,1,3,0,0,192
1443,1421.3937739833773,ENUMERATE_PROXY,Proxy 81,2,0,0,0,193
1444,1421.9903133450812,MISS_ENUMERATE_PROXY,Proxy 78,1,4,0,0,193
1445,1423.1058353847875,MISS_ENUMERATE_PROXY,Proxy 81,2,1,0,0,193
1446,1423.297106575655,MISS_ENUMERATE_PROXY,Proxy 84,3,2,0,0,193
1447,1424.6484265967863,MISS_ENUMERATE_PROXY,Proxy 85,1,3,0,0,193
1448,1425.9411204185021,MISS_ENUMERATE_PROXY,Proxy 78,1,5,0,0,193
1449,1426.120981965236,MISS_ENUMERATE_PROXY,Proxy 85,1,4,0,0,193
1450,1429.6823798982914,MISS_ENUMERATE_PROXY,Proxy 84,3,3,0,0,193
1451,1432.157139319874,MISS_ENUMERATE_PROXY,Proxy 79,5,3,0,0,193
1452,1435.3769184314808,MISS_ENUMERATE_PROXY,Proxy 85,1,5,0,0,193
1453,1435.4781715357371,MISS_ENUMERATE_PROXY,Proxy 84,3,4,0,0,193
1454,1440.0878130317128,MISS_ENUMERATE_PROXY,Proxy 82,3,5,0,0,193
1455,1443.031498954517,MISS_ENUMERATE_PROXY,Proxy 84,4,5,0,0,193
1456,1443.1776667847644,MISS_ENUMERATE_PROXY,Proxy 81,3,2,0,0,193
1457,1443.178687866122,MISS_ENUMERATE_PROXY,Proxy 89,7,6,0,0,193
1458,1447.8381136618257,MISS_ENUMERATE_PROXY,Proxy 86,3,1,0,0,193
1459,1450.1266820063665,MISS_ENUMERATE_PROXY,Proxy 88,1,3,0,0,193
1460,1450.8309345310834,MISS_ENUMERATE_PROXY,Proxy 90,2,6,0,0,193
1461,1451.1331517365752,MISS_ENUMERATE_PROXY,Proxy 85,1,6,0,0,193
1462,1451.3100916113451,MISS_ENUMERATE_PROXY,Proxy 87,4,4,0,0,193
1463,1453.4796815068748,MISS_ENUMERATE_PROXY,Proxy 91,1,1,0,0,193
1464,1454.1163043847114,MISS_ENUMERATE_PROXY,Proxy 85,1,7,0,0,193
1465,1455.6705532774788,MISS_ENUMERATE_PROXY,Proxy 84,4,6,0,0,193
1466,1455.8468943070666,MISS_ENUMERATE_PROXY,Proxy 87,4,5,0,0,193
1467,1455.8577552622003,MISS_ENUMERATE_PROXY,Proxy 87,4,6,0,0,193
1468,1457.7393239004305,MISS_ENUMERATE_PROXY,Proxy 88,1,4,0,0,193
1469,1458.566461715368,MISS_ENUMERATE_PROXY,Proxy 89,7,7,0,0,193
1470,1463.8153944594872,MISS_ENUMERATE_PROXY,Proxy 93,4,3,0,0,193
1471,1467.0917386585438,MISS_ENUMERATE_PROXY,Proxy 87,5,7,0,0,193
1472,1468.6689966607785,ENUMERATE_PROXY,Proxy 92,2,0,0,0,194
1473,1469.0704037408038,MISS_ENUMERATE_PROXY,Proxy 93,5,4,0,0,194
1474,1470.91039951538,MISS_ENUMERATE_PROXY,Proxy 96,3,2,0,0,194
1475,1470.9637666353253,MISS_ENUMERATE_PROXY,Proxy 90,5,7,0,0,194
1476,1472.1579660694165,MISS_ENUMERATE_PROXY,Proxy 92,2,1,0,0,194
1477,1473.6724616959004,MISS_ENUMERATE_PROXY,Proxy 93,5,5,0,0,194
1478,1476.9645975250733,MISS_ENUMERATE_PROXY,Proxy 89,7,8,0,0,194
1479,1477.0789474849257,MISS_ENUMERATE_PROXY,Proxy 97,4,2,0,0,194
1480,1480.5309512421081,MISS_ENUMERATE_PROXY,Proxy 97,4,3,0,0,194
1481,1483.7686494856632,MISS_ENUMERATE_PROXY,Proxy 94,5,2,0,0,194
1482,1488.7255949311395,MISS_ENUMERATE_PROXY,Proxy 91,1,2,0,0,194
1483,1491.3819179650136,MISS_ENUMERATE_PROXY,Proxy 96,4,3,0,0,194
1484,1496.704707535759,MISS_ENUMERATE_PROXY,Proxy 92,3,2,0,0,194
1485,1498.2151937842273,MISS_ENUMERATE_PROXY,Proxy 99,2,3,0,0,194
1486,1499.9147480845088,MISS_ENUMERATE_PROXY,Proxy 96,6,4,0,0,194
1487,1503.1244383431265,MISS_ENUMERATE_PROXY,Proxy 100,2,5,0,0,194
1488,1505.2920183337678,MISS_ENUMERATE_PROXY,Proxy 101,4,4,0,0,194
1489,1506.4638005561526,MISS_ENUMERATE_PROXY,Proxy 94,6,3,0,0,194
1490,1506.677254062522,MISS_ENUMERATE_PROXY,Proxy 101,4,5,0,0,194
1491,1508.8914897681648,MISS_ENUMERATE_PROXY,Proxy 99,2,4,0,0,194
1492,1508.931165334109,MISS_ENUMERATE_PROXY,Proxy 99,2,5,0,0,194
1493,1511.2783397348283,MISS_ENUMERATE_PROXY,Proxy 99,2,6,0,0,194
1494,1512.9915608257313,MISS_ENUMERATE_PROXY,Proxy 97,7,4,0,0,194
1495,1514.8414675011938,MISS_ENUMERATE_PROXY,Proxy 102,2,3,0,0,194
1496,1515.956447822122,MISS_ENUMERATE_PROXY,Proxy 99,2,7,0,0,194
1497,1516.6556742762796,MISS_ENUMERATE_PROXY,Proxy 100,2,6,0,0,194
1498,1517.467470323698,MISS_ENUMERATE_PROXY,Proxy 98,4,3,0,0,194
1499,1517.9243745760236,MISS_ENUMERATE_PROXY,Proxy 100,2,7,0,0,194
1500,1521.8618399981406,MISS_ENUMERATE_PROXY,Proxy 101,5,6,0,0,194
1501,1530.3656523292577,MISS_ENUMERATE_PROXY,Proxy 97,9,5,0,0,194
1502,1530.5274809375308,MISS_ENUMERATE_PROXY,Proxy 102,2,4,0,0,194
1503,1533.1162829999107,MISS_ENUMERATE_PROXY,Proxy 106,2,3,0,0,194
1504,1533.541153889928,MISS_ENUMERATE_PROXY,Proxy 99,2,8,0,0,194
1505,1536.4280833692299,MISS_ENUMERATE_PROXY,Proxy 106,2,4,0,0,194
1506,1536.6332885783938,MISS_ENUMERATE_PROXY,Proxy 105,5,1,0,0,194
1507,1541.4508717949298,MISS_ENUMERATE_PROXY,Proxy 109,5,2,0,0,194
1508,1542.852218898609,MISS_ENUMERATE_PROXY,Proxy 106,2,5,0,0,194
1509,1548.5278905253267,MISS_ENUMERATE_PROXY,Proxy 105,5,2,0,0,194
1510,1549.4655039051217,MISS_ENUMERATE_PROXY,Proxy 102,7,5,0,0,194
1511,1551.8888431120392,MISS_ENUMERATE_PROXY,Proxy 103,2,2,0,0,194
1512,1553.3657913512425,MISS_ENUMERATE_PROXY,Proxy 104,2,1,0,0,194
1513,1557.511751462711,MISS_ENUMERATE_PROXY,Proxy 110,1,2,0,0,194
1514,1557.8368514837523,MISS_ENUMERATE_PROXY,Proxy 107,4,1,0,0,194
1515,1559.311206780904,MISS_ENUMERATE_PROXY,Proxy 112,2,5,0,0,194
1516,1559.7189920119667,MISS_ENUMERATE_PROXY,Proxy 112,2,6,0,0,194
1517,1559.8350650465502,MISS_ENUMERATE_PROXY,Proxy 109,6,3,0,0,194
1518,1561.5676914900532,MISS_ENUMERATE_PROXY,Proxy 105,6,3,0,0,194
1519,1562.0681911240365,MISS_ENUMERATE_PROXY,Proxy 114,3,2,0,0,194
1520,1562.3884209219345,MISS_ENUMERATE_PROXY,Proxy 114,3,3,0,0,194
1521,1566.4128944052,MISS_ENUMERATE_PROXY,Proxy 110,1,3,0,0,194
1522,1569.9723336573404,MISS_ENUMERATE_PROXY,Proxy 107,6,2,0,0,194
1523,1570.1681463705347,MISS_ENUMERATE_PROXY,Proxy 107,6,3,0,0,194
1524,1571.412638394319,MISS_ENUMERATE_PROXY,Proxy 115,3,3,0,0,194
1525,1572.5161454394217,MISS_ENUMERATE_PROXY,Proxy 113,7,3,0,0,194
1526,1576.2883565668355,MISS_ENUMERATE_PROXY,Proxy 117,1,1,0,0,194
1527,1579.4193722163534,MISS_ENUMERATE_PROXY,Proxy 114,5,4,0,0,194
1528,1580.26075506089,MISS_ENUMERATE_PROXY,Proxy 114,5,5,0,0,194
1529,1583.0440469725177,MISS_ENUMERATE_PROXY,Proxy 110,1,4,0,0,194
1530,1589.7612609428377,MISS_ENUMERATE_PROXY,Proxy 116,5,3,0,0,194
1531,1591.9173675695847,MISS_ENUMERATE_PROXY,Proxy 115,3,4,0,0,194
1532,1593.0043287262724,MISS_ENUMERATE_PROXY,Proxy 117,2,2,0,0,194
1533,1593.634141587222,MISS_ENUMERATE_PROXY,Proxy 115,3,5,0,0,194
1534,1596.4549192196055,MISS_ENUMERATE_PROXY,Proxy 118,2,3,0,0,194
1535,1598.1967509627837,MISS_ENUMERATE_PROXY,Proxy 113,8,4,0,0,194
1536,1600.829795071904,MISS_ENUMERATE_PROXY,Proxy 114,5,6,0,0,194
1537,1602.3850898161024,MISS_ENUMERATE_PROXY,Proxy 119,8,2,0,0,194
1538,1602.7593160575386,ENUMERATE_PROXY,Proxy 121,1,0,0,0,195
1539,1603.558200824455,MISS_ENUMERATE_PROXY,Proxy 120,2,2,0,0,195
1540,1606.1792102680417,MISS_ENUMERATE_PROXY,Proxy 115,3,6,0,0,195
1541,1607.8042556383457,MISS_ENUMERATE_PROXY,Proxy 119,8,3,0,0,195
1542,1608.2638007395374,MISS_ENUMERATE_PROXY,Proxy 121,2,1,0,0,195
1543,1610.2986592096022,MISS_ENUMERATE_PROXY,Proxy 123,3,3,0,0,195
1544,1611.675907809076,MISS_ENUMERATE_PROXY,Proxy 118,3,4,0,0,195
1545,1612.8627933074538,MISS_ENUMERATE_PROXY,Proxy 116,5,4,0,0,195
1546,1616.2501198803222,MISS_ENUMERATE_PROXY,Proxy 122,2,3,0,0,195
1547,1617.5448641172038,MISS_ENUMERATE_PROXY,Proxy 122,2,4,0,0,195
1548,1619.0516102463532,MISS_ENUMERATE_PROXY,Proxy 120,2,3,0,0,195
1549,1622.7411800544162,MISS_ENUMERATE_PROXY,Proxy 125,4,4,0,0,195
1550,1624.350467097049,MISS_ENUMERATE_PROXY,Proxy 122,3,5,0,0,195
1551,1625.650482233954,MISS_ENUMERATE_PROXY,Proxy 118,3,5,0,0,195
1552,1631.2934729154813,MISS_ENUMERATE_PROXY,Proxy 125,5,5,0,0,195
1553,1632.1629051098605,MISS_ENUMERATE_PROXY,Proxy 118,3,6,0,0,195
1554,1633.474758557463,MISS_ENUMERATE_PROXY,Proxy 120,3,4,0,0,195
1555,1635.6565260790226,MISS_ENUMERATE_PROXY,Proxy 127,3,3,0,0,195
1556,1642.1228307973097,MISS_ENUMERATE_PROXY,Proxy 129,0,1,0,0,195
1557,1642.2675162987903,MISS_ENUMERATE_PROXY,Proxy 120,5,5,0,0,195
1558,1644.3636688363304,MISS_ENUMERATE_PROXY,Proxy 128,5,3,0,0,195
1559,1645.9729475556762,MISS_ENUMERATE_PROXY,Proxy 126,6,3,0,0,195
1560,1646.1245079108228,MISS_ENUMERATE_PROXY,Proxy 130,4,1,0,0,195
1561,1647.3466993793509,MISS_ENUMERATE_PROXY,Proxy 130,4,2,0,0,195
1562,1653.1321202735621,MISS_ENUMERATE_PROXY,Proxy 126,7,4,0,0,195
1563,1654.8995169805232,MISS_ENUMERATE_PROXY,Proxy 123,6,4,0,0,195
1564,1655.8966191890095,MISS_ENUMERATE_PROXY,Proxy 130,4,3,0,0,195
1565,1657.5559104990773,MISS_ENUMERATE_PROXY,Proxy 126,8,5,0,0,195
1566,1658.1813570271213,MISS_ENUMERATE_PROXY,Proxy 130,4,4,0,0,195
1567,1660.5166490777044,MISS_ENUMERATE_PROXY,Proxy 125,7,6,0,0,195
1568,1661.6609188864797,MISS_ENUMERATE_PROXY,Proxy 131,4,1,0,0,195
1569,1665.9319966046532,MISS_ENUMERATE_PROXY,Proxy 129,1,2,0,0,195
1570,1668.1412969433184,MISS_ENUMERATE_PROXY,Proxy 129,1,3,0,0,195
1571,1673.8536734743018,MISS_ENUMERATE_PROXY,Proxy 129,1,4,0,0,195
1572,1675.3141645223357,MISS_ENUMERATE_PROXY,Proxy 134,1,1,0,0,195
1573,1675.8575418784155,MISS_ENUMERATE_PROXY,Proxy 134,1,2,0,0,195
1574,1677.923483631536,MISS_ENUMERATE_PROXY,Proxy 129,1,5,0,0,195
1575,1682.1184278239293,MISS_ENUMERATE_PROXY,Proxy 136,3,5,0,0,195
1576,1689.2586509540427,MISS_ENUMERATE_PROXY,Proxy 130,4,5,0,0,195
1577,1694.0046502274258,MISS_ENUMERATE_PROXY,Proxy 136,3,6,0,0,195
1578,1695.9527415975072,MISS_ENUMERATE_PROXY,Proxy 129,3,6,0,0,195
1579,1696.1606892134619,MISS_ENUMERATE_PROXY,Proxy 135,5,4,0,0,195
1580,1697.7250768171668,MISS_ENUMERATE_PROXY,Proxy 136,3,7,0,0,195
1581,1698.233137145234,MISS_ENUMERATE_PROXY,Proxy 130,5,6,0,0,195
1582,1700.9285003023879,MISS_ENUMERATE_PROXY,Proxy 132,3,2,0,0,195
1583,1703.523346743821,MISS_ENUMERATE_PROXY,Proxy 138,4,2,0,0,195
1584,1703.664198848623,MISS_ENUMERATE_PROXY,Proxy 132,4,3,0,0,195
1585,1704.0758954460573,MISS_ENUMERATE_PROXY,Proxy 139,4,1,0,0,195
1586,1705.573165606687,MISS_ENUMERATE_PROXY,Proxy 134,3,3,0,0,195
1587,1707.6694729297114,MISS_ENUMERATE_PROXY,Proxy 134,3,4,0,0,195
1588,1713.201527328452,MISS_ENUMERATE_PROXY,Proxy 136,5,8,0,0,195
1589,1714.8317396754373,MISS_ENUMERATE_PROXY,Proxy 139,4,2,0,0,195
1590,1715.2989271790905,MISS_ENUMERATE_PROXY,Proxy 142,0,6,0,0,195
1591,1715.9599761494926,MISS_ENUMERATE_PROXY,Proxy 136,5,9,0,0,195
1592,1717.5929485956588,MISS_ENUMERATE_PROXY,Proxy 141,4,3,0,0,195
1593,1721.0714393126402,MISS_ENUMERATE_PROXY,Proxy 141,5,4,0,0,195
1594,1721.7488673552425,MISS_ENUMERATE_PROXY,Proxy 142,0,7,0,0,195
1595,1724.0458640408654,MISS_ENUMERATE_PROXY,Proxy 145,0,5,0,0,195
1596,1735.336751751097,MISS_ENUMERATE_PROXY,Proxy 137,4,3,0,0,195
1597,1738.0627127898858,MISS_ENUMERATE_PROXY,Proxy 142,0,8,0,0,195
1598,1738.0913036413785,MISS_ENUMERATE_PROXY,Proxy 146,1,6,0,0,195
1599,1740.6508666117008,MISS_ENUMERATE_PROXY,Proxy 143,2,4,0,0,195
1600,1740.9469067249668,MISS_ENUMERATE_PROXY,Proxy 143,2,5,0,0,195
1601,1746.3107508948995,MISS_ENUMERATE_PROXY,Proxy 146,1,7,0,0,195
1602,1749.911492693284,MISS_ENUMERATE_PROXY,Proxy 142,0,9,0,0,195
1603,1750.139632780824,MISS_ENUMERATE_PROXY,Proxy 140,3,1,0,0,195
1604,1750.958262579666,MISS_ENUMERATE_PROXY,Proxy 149,1,2,0,0,195
1605,1751.3723787668216,MISS_ENUMERATE_PROXY,Proxy 143,2,6,0,0,195
1606,1752.4083262417732,MISS_ENUMERATE_PROXY,Proxy 143,2,7,0,0,195
1607,1753.0740785941032,MISS_ENUMERATE_PROXY,Proxy 150,2,2,0,0,195
1608,1753.346514088432,MISS_ENUMERATE_PROXY,Proxy 144,6,3,0,0,195
1609,1753.61086351022,MISS_ENUMERATE_PROXY,Proxy 146,1,8,0,0,195
1610,1753.7216726919355,MISS_ENUMERATE_PROXY,Proxy 142,0,10,0,0,195
1611,1754.4691935778196,MISS_ENUMERATE_PROXY,Proxy 149,1,3,0,0,195
1612,1754.6518858284821,MISS_ENUMERATE_PROXY,Proxy 146,1,9,0,0,195
1613,1755.3978868556599,MISS_ENUMERATE_PROXY,Proxy 150,3,3,0,0,195
1614,1755.7793702253161,MISS_ENUMERATE_PROXY,Proxy 144,6,4,0,0,195
1615,1756.457101662048,MISS_ENUMERATE_PROXY,Proxy 146,1,10,0,0,195
1616,1757.2715585698688,MISS_ENUMERATE_PROXY,Proxy 148,2,4,0,0,195
1617,1762.8666540626223,MISS_ENUMERATE_PROXY,Proxy 146,1,11,0,0,195
1618,1763.9157036249062,MISS_ENUMERATE_PROXY,Proxy 153,5,2,0,0,195
1619,1765.3561656193199,MISS_ENUMERATE_PROXY,Proxy 148,2,5,0,0,195
1620,1766.8350681861068,MISS_ENUMERATE_PROXY,Proxy 148,2,6,0,0,195
1621,1768.0176653284043,MISS_ENUMERATE_PROXY,Proxy 154,2,2,0,0,195
1622,1770.40614395207,MISS_ENUMERATE_PROXY,Proxy 149,1,4,0,0,195
1623,1770.6239690923658,MISS_ENUMERATE_PROXY,Proxy 150,4,4,0,0,195
1624,1771.5861521338009,MISS_ENUMERATE_PROXY,Proxy 148,2,7,0,0,195
1625,1772.0373433226164,MISS_ENUMERATE_PROXY,Proxy 154,2,3,0,0,195
1626,1774.4265325562174,MISS_ENUMERATE_PROXY,Proxy 149,1,5,0,0,195
1627,1782.120038033736,MISS_ENUMERATE_PROXY,Proxy 152,1,2,0,0,195
1628,1782.3391087563737,ENUMERATE_PROXY,Proxy 151,4,0,0,0,196
1629,1783.195318557721,MISS_ENUMERATE_PROXY,Proxy 152,1,3,0,0,196
1630,1784.1245815080488,MISS_ENUMERATE_PROXY,Proxy 157,3,4,0,0,196
1631,1785.137432102701,MISS_ENUMERATE_PROXY,Proxy 158,2,2,0,0,196
1632,1786.0317397809026,MISS_ENUMERATE_PROXY,Proxy 155,3,5,0,0,196
1633,1794.078641492456,MISS_ENUMERATE_PROXY,Proxy 150,5,5,0,0,196
1634,1794.939141619893,MISS_ENUMERATE_PROXY,Proxy 156,8,1,0,0,196
1635,1795.0663230297384,MISS_ENUMERATE_PROXY,Proxy 154,4,4,0,0,196
1636,1798.6824941031655,MISS_ENUMERATE_PROXY,Proxy 155,3,6,0,0,196
1637,1799.9869424802837,MISS_ENUMERATE_PROXY,Proxy 160,1,3,0,0,196
1638,1801.6198686866135,MISS_ENUMERATE_PROXY,Proxy 153,5,3,0,0,196
1639,1803.6533028959325,MISS_ENUMERATE_PROXY,Proxy 161,3,4,0,0,196
1640,1803.6818480655868,MISS_ENUMERATE_PROXY,Proxy 153,6,4,0,0,196
1641,1805.1914993447554,MISS_ENUMERATE_PROXY,Proxy 154,4,5,0,0,196
1642,1805.2296082070338,MISS_ENUMERATE_PROXY,Proxy 154,4,6,0,0,196
1643,1805.4882262419771,MISS_ENUMERATE_PROXY,Proxy 153,6,5,0,0,196
1644,1806.4743993837683,MISS_ENUMERATE_PROXY,Proxy 153,6,6,0,0,196
1645,1806.6663441985797,MISS_ENUMERATE_PROXY,Proxy 160,1,4,0,0,196
1646,1810.6693671739151,MISS_ENUMERATE_PROXY,Proxy 161,3,5,0,0,196
1647,1810.9044524363474,MISS_ENUMERATE_PROXY,Proxy 154,4,7,0,0,196
1648,1814.7668055859306,MISS_ENUMERATE_PROXY,Proxy 164,6,1,0,0,196
1649,1815.6799715574832,MISS_ENUMERATE_PROXY,Proxy 160,1,5,0,0,196
1650,1818.4226067954592,MISS_ENUMERATE_PROXY,Proxy 163,0,5,0,0,196
1651,1820.3715489047754,MISS_ENUMERATE_PROXY,Proxy 158,5,3,0,0,196
1652,1820.7472144493865,MISS_ENUMERATE_PROXY,Proxy 162,6,2,0,0,196
1653,1822.7829210975453,ENUMERATE_PROXY,Proxy 166,2,0,0,0,197
1654,1827.768656541147,MISS_ENUMERATE_PROXY,Proxy 157,4,5,0,0,197
1655,1831.6598654799589,MISS_ENUMERATE_PROXY,Proxy 166,2,1,0,0,197
1656,1831.8148180641565,MISS_ENUMERATE_PROXY,Proxy 162,6,3,0,0,197
1657,1835.0486942313312,MISS_ENUMERATE_PROXY,Proxy 160,2,6,0,0,197
1658,1837.2247626362343,MISS_ENUMERATE_PROXY,Proxy 161,4,6,0,0,197
1659,1837.5372612801748,MISS_ENUMERATE_PROXY,Proxy 163,0,6,0,0,197
1660,1840.021223956814,MISS_ENUMERATE_PROXY,Proxy 160,2,7,0,0,197
1661,1844.449051428763,MISS_ENUMERATE_PROXY,Proxy 164,7,2,0,0,197
1662,1845.073215161014,MISS_ENUMERATE_PROXY,Proxy 163,1,7,0,0,197
1663,1845.3084069199886,MISS_ENUMERATE_PROXY,Proxy 167,3,5,0,0,197
1664,1846.2918001231455,MISS_ENUMERATE_PROXY,Proxy 164,7,3,0,0,197
1665,1847.7127140585853,MISS_ENUMERATE_PROXY,Proxy 162,6,4,0,0,197
1666,1848.5152381140815,MISS_ENUMERATE_PROXY,Proxy 167,3,6,0,0,197
1667,1853.297727155825,MISS_ENUMERATE_PROXY,Proxy 168,3,2,0,0,197
1668,1854.62538579392,MISS_ENUMERATE_PROXY,Proxy 164,7,4,0,0,197
1669,1859.5331173744687,MISS_ENUMERATE_PROXY,Proxy 164,7,5,0,0,197
1670,1869.928899920529,MISS_ENUMERATE_PROXY,Proxy 166,4,2,0,0,197
1671,1870.1859830378812,MISS_ENUMERATE_PROXY,Proxy 167,3,7,0,0,197
1672,1870.3829251764826,MISS_ENUMERATE_PROXY,Proxy 166,4,3,0,0,197
1673,1871.3923940018522,MISS_ENUMERATE_PROXY,Proxy 171,3,1,0,0,197
1674,1872.5288644566465,ENUMERATE_PROXY,Proxy 173,3,0,0,0,198
1675,1875.3278096286795,MISS_ENUMERATE_PROXY,Proxy 174,1,4,0,0,198
1676,1875.9800989472142,MISS_ENUMERATE_PROXY,Proxy 168,3,3,0,0,198
1677,1876.513318714329,MISS_ENUMERATE_PROXY,Proxy 174,1,5,0,0,198
1678,1878.4053237322375,MISS_ENUMERATE_PROXY,Proxy 168,3,4,0,0,198
1679,1882.6655099467332,MISS_ENUMERATE_PROXY,Proxy 166,5,4,0,0,198
1680,1883.7092809993487,MISS_ENUMERATE_PROXY,Proxy 174,2,6,0,0,198
1681,1884.4743660336428,MISS_ENUMERATE_PROXY,Proxy 174,2,7,0,0,198
1682,1889.640890472916,MISS_ENUMERATE_PROXY,Proxy 172,2,1,0,0,198
1683,1895.6369184239197,MISS_ENUMERATE_PROXY,Proxy 170,6,1,0,0,198
1684,1895.776786125592,MISS_ENUMERATE_PROXY,Proxy 169,4,4,0,0,198
1685,1898.0577872427764,MISS_ENUMERATE_PROXY,Proxy 172,3,2,0,0,198
1686,1902.9920737602265,MISS_ENUMERATE_PROXY,Proxy 170,6,2,0,0,198
1687,1903.06436224767,MISS_ENUMERATE_PROXY,Proxy 175,4,3,0,0,198
1688,1904.3405895364012,MISS_ENUMERATE_PROXY,Proxy 171,3,2,0,0,198
1689,1912.2272994935481,MISS_ENUMERATE_PROXY,Proxy 176,5,4,0,0,198
1690,1913.4193599015007,MISS_ENUMERATE_PROXY,Proxy 179,1,8,0,0,198
1691,1915.3434519315567,MISS_ENUMERATE_PROXY,Proxy 177,3,3,0,0,198
1692,1916.6322304585804,MISS_ENUMERATE_PROXY,Proxy 177,3,4,0,0,198
1693,1918.0447031413607,MISS_ENUMERATE_PROXY,Proxy 175,5,4,0,0,198
1694,1918.65022170242,ENUMERATE_PROXY,Proxy 178,5,0,0,0,199
1695,1926.6561875686273,MISS_ENUMERATE_PROXY,Proxy 178,5,1,0,0,199
1696,1928.7770694155067,MISS_ENUMERATE_PROXY,Proxy 178,5,2,0,0,199
1697,1929.6566009026913,MISS_ENUMERATE_PROXY,Proxy 182,6,3,0,0,199
1698,1932.9703392432477,MISS_ENUMERATE_PROXY,Proxy 183,1,1,0,0,199
1699,1935.4918328436045,MISS_ENUMERATE_PROXY,Proxy 175,5,5,0,0,199
1700,1938.5803765025255,MISS_ENUMERATE_PROXY,Proxy 179,4,9,0,0,199
1701,1938.7648662627214,MISS_ENUMERATE_PROXY,Proxy 181,4,5,0,0,199
1702,1942.5284814952045,MISS_ENUMERATE_PROXY,Proxy 177,4,5,0,0,199
1703,1942.6752438876217,MISS_ENUMERATE_PROXY,Proxy 185,2,3,0,0,199
1704,1943.193547414718,MISS_ENUMERATE_PROXY,Proxy 185,2,4,0,0,199
1705,1945.7464943385874,MISS_ENUMERATE_PROXY,Proxy 178,5,3,0,0,199
1706,1946.4525918191532,MISS_ENUMERATE_PROXY,Proxy 184,5,1,0,0,199
1707,1951.1531552998204,MISS_ENUMERATE_PROXY,Proxy 180,5,1,0,0,199
1708,1954.4978200375342,MISS_ENUMERATE_PROXY,Proxy 183,1,2,0,0,199
1709,1956.0214315868411,MISS_ENUMERATE_PROXY,Proxy 183,1,3,0,0,199
1710,1957.3431698731356,MISS_ENUMERATE_PROXY,Proxy 185,3,5,0,0,199
1711,1957.3771998848895,MISS_ENUMERATE_PROXY,Proxy 181,4,6,0,0,199
1712,1961.380388780893,MISS_ENUMERATE_PROXY,Proxy 182,10,4,0,0,199
1713,1961.4985474565385,MISS_ENUMERATE_PROXY,Proxy 186,1,1,0,0,199
1714,1961.9962728517273,MISS_ENUMERATE_PROXY,Proxy 186,1,2,0,0,199
1715,1962.1340015245776,MISS_ENUMERATE_PROXY,Proxy 180,7,2,0,0,199
1716,1962.3453183416914,MISS_ENUMERATE_PROXY,Proxy 186,1,3,0,0,199
1717,1964.3402839558094,MISS_ENUMERATE_PROXY,Proxy 183,2,4,0,0,199
1718,1964.8877018815588,MISS_ENUMERATE_PROXY,Proxy 181,6,7,0,0,199
1719,1965.7535552115078,MISS_ENUMERATE_PROXY,Proxy 188,1,2,0,0,199
1720,1968.0808400692345,ENUMERATE_PROXY,Proxy 190,3,0,0,0,200
