,time,action,proxy_name,honest_clients,malicious_clients,system_health,total_blocked,total_healthy
0,12.12533534702624,EXPOSE_CLIENT,Proxy 52,0,1,0,0,200
1,54.0,CENSOR_TRACK,,31,23,0,20,180
2,69.17559282075133,EXPOSE_CLIENT,Proxy 60,0,1,0,0,200
3,108.31821430269002,EXPOSE_CLIENT,Proxy 88,0,1,0,0,200
4,111.81461514943749,EXPOSE_CLIENT,Proxy 71,0,1,0,0,200
5,116.64496987087726,EXPOSE_CLIENT,Proxy 107,0,1,0,0,200
6,118.74407057768904,EXPOSE_CLIENT,Proxy 107,1,1,0,0,200
7,104.0,CENSOR_TRACK,,57,47,0,40,160
8,128.79009255207558,EXPOSE_CLIENT,Proxy 160,0,1,0,0,200
9,149.41148633361533,EXPOSE_CLIENT,Proxy 52,1,2,0,0,200
10,149.8262131154731,EXPOSE_CLIENT,Proxy 160,1,1,0,0,200
11,151.54290629329932,EXPOSE_CLIENT,Proxy 169,0,1,0,0,200
12,149.0,CENSOR_TRACK,,73,76,0,60,140
13,161.2543754402113,EXPOSE_CLIENT,Proxy 124,0,2,0,0,200
14,173.10660323025635,EXPOSE_CLIENT,Proxy 171,0,1,0,0,200
15,175.69307119575282,EXPOSE_CLIENT,Proxy 0,1,1,0,0,200
16,177.5955200885697,EXPOSE_CLIENT,Proxy 88,1,1,0,0,200
17,192.0,CENSOR_TRACK,,86,106,0,80,120
18,207.8357274340208,EXPOSE_CLIENT,Proxy 52,2,2,0,0,200
19,211.55565484057297,EXPOSE_CLIENT,Proxy 150,0,1,0,0,200
20,222.8624012768938,EXPOSE_CLIENT,Proxy 13,0,1,0,0,200
21,232.43258573167307,EXPOSE_CLIENT,Proxy 40,0,1,0,0,200
22,241.2780803940701,EXPOSE_CLIENT,Proxy 70,0,1,0,0,200
23,256.2700857622318,EXPOSE_CLIENT,Proxy 6,0,2,0,0,200
24,256.7698772335579,EXPOSE_CLIENT,Proxy 193,1,1,0,0,200
25,256.976078916937,EXPOSE_CLIENT,Proxy 103,0,4,0,0,200
26,263.1908097786642,EXPOSE_CLIENT,Proxy 139,0,3,0,0,200
27,264.1805958628077,EXPOSE_CLIENT,Proxy 107,2,2,0,0,200
28,265.74664806518035,EXPOSE_CLIENT,Proxy 53,1,1,0,0,200
29,270.8839709638165,EXPOSE_CLIENT,Proxy 18,1,1,0,0,200
30,275.0,CENSOR_TRACK,,126,149,0,100,100
31,273.8090870045805,EXPOSE_CLIENT,Proxy 149,0,1,0,0,200
32,289.7541656274165,EXPOSE_CLIENT,Proxy 157,1,2,0,0,200
33,292.3383564537762,EXPOSE_CLIENT,Proxy 126,0,1,0,0,200
34,298.27715566672674,EXPOSE_CLIENT,Proxy 59,2,2,0,0,200
35,301.8729605316194,EXPOSE_CLIENT,Proxy 196,0,1,0,0,200
36,308.57161444402544,EXPOSE_CLIENT,Proxy 134,1,1,0,0,200
37,312.0891235063042,EXPOSE_CLIENT,Proxy 40,1,1,0,0,200
38,317.0257371406033,EXPOSE_CLIENT,Proxy 32,0,3,0,0,200
39,317.0340074456334,EXPOSE_CLIENT,Proxy 29,0,2,0,0,200
40,320.18378160335106,EXPOSE_CLIENT,Proxy 112,0,2,0,0,200
41,322.31320004219134,EXPOSE_CLIENT,Proxy 135,1,1,0,0,200
42,323.97322328230763,EXPOSE_CLIENT,Proxy 29,1,2,0,0,200
43,325.1693881423831,EXPOSE_CLIENT,Proxy 150,1,1,0,0,200
44,326.5791351723385,EXPOSE_CLIENT,Proxy 176,0,1,0,0,200
45,328.20663164935536,EXPOSE_CLIENT,Proxy 17,1,1,0,0,200
46,333.6828996072799,EXPOSE_CLIENT,Proxy 47,0,2,0,0,200
47,333.9672048996229,EXPOSE_CLIENT,Proxy 112,1,2,0,0,200
48,335.26399570313635,EXPOSE_CLIENT,Proxy 57,1,2,0,0,200
49,337.01304892550075,EXPOSE_CLIENT,Proxy 67,0,2,0,0,200
50,338.2880266296882,EXPOSE_CLIENT,Proxy 112,2,2,0,0,200
51,338.67142804079606,EXPOSE_CLIENT,Proxy 178,0,1,0,0,200
52,342.9869915461055,EXPOSE_CLIENT,Proxy 125,0,2,0,0,200
53,346.0889006437171,EXPOSE_CLIENT,Proxy 144,1,2,0,0,200
54,360.0,CENSOR_TRACK,,169,191,0,120,80
55,348.3889186958161,EXPOSE_CLIENT,Proxy 90,0,1,0,0,200
56,352.49656416502756,EXPOSE_CLIENT,Proxy 175,0,1,0,0,200
57,356.0023767810274,EXPOSE_CLIENT,Proxy 90,1,1,0,0,200
58,356.9703751976248,EXPOSE_CLIENT,Proxy 107,3,3,0,0,200
59,362.7511841834787,EXPOSE_CLIENT,Proxy 127,0,1,0,0,200
60,366.6157919978222,EXPOSE_CLIENT,Proxy 160,2,1,0,0,200
61,367.5839048655234,EXPOSE_CLIENT,Proxy 183,0,2,0,0,200
62,372.6397106673224,EXPOSE_CLIENT,Proxy 153,2,1,0,0,200
63,373.328572073595,EXPOSE_CLIENT,Proxy 178,1,1,0,0,200
64,373.5584679963091,EXPOSE_CLIENT,Proxy 44,1,2,0,0,200
65,375.52595898609104,EXPOSE_CLIENT,Proxy 130,0,1,0,0,200
66,376.2055538014322,EXPOSE_CLIENT,Proxy 57,2,2,0,0,200
67,387.0209593077346,EXPOSE_CLIENT,Proxy 17,2,1,0,0,200
68,400.61975880526234,EXPOSE_CLIENT,Proxy 179,3,1,0,0,200
69,403.1539495299955,EXPOSE_CLIENT,Proxy 85,1,1,0,0,200
70,405.2342347592276,EXPOSE_CLIENT,Proxy 54,0,2,0,0,200
71,406.08905715328626,EXPOSE_CLIENT,Proxy 32,1,3,0,0,200
72,409.80915456669595,EXPOSE_CLIENT,Proxy 129,1,1,0,0,200
73,410.0022312564643,EXPOSE_CLIENT,Proxy 99,0,3,0,0,200
74,410.4587230069609,EXPOSE_CLIENT,Proxy 141,0,1,0,0,200
75,410.7179993857825,EXPOSE_CLIENT,Proxy 166,0,1,0,0,200
76,411.4535491556055,EXPOSE_CLIENT,Proxy 193,2,1,0,0,200
77,414.93637034170234,EXPOSE_CLIENT,Proxy 20,0,2,0,0,200
78,416.03259087577584,EXPOSE_CLIENT,Proxy 49,1,2,0,0,200
79,422.3749355223382,EXPOSE_CLIENT,Proxy 73,1,1,0,0,200
80,422.6258642072205,EXPOSE_CLIENT,Proxy 149,1,1,0,0,200
81,423.1639288238712,EXPOSE_CLIENT,Proxy 67,1,3,0,0,200
82,425.25501111710605,EXPOSE_CLIENT,Proxy 82,0,1,0,0,200
83,428.9187221892771,EXPOSE_CLIENT,Proxy 0,2,1,0,0,200
84,431.5130867147576,EXPOSE_CLIENT,Proxy 77,0,1,0,0,200
85,433.55704364654815,EXPOSE_CLIENT,Proxy 169,1,1,0,0,200
86,435.4292274017688,EXPOSE_CLIENT,Proxy 165,0,2,0,0,200
87,456.0,CENSOR_TRACK,,212,244,0,140,60
88,438.97805758245454,EXPOSE_CLIENT,Proxy 151,1,1,0,0,200
89,439.95626198739,EXPOSE_CLIENT,Proxy 138,0,3,0,0,200
90,442.57579030481884,EXPOSE_CLIENT,Proxy 35,1,1,0,0,200
91,446.3053480589012,EXPOSE_CLIENT,Proxy 143,1,4,0,0,200
92,447.1947813735731,EXPOSE_CLIENT,Proxy 153,3,1,0,0,200
93,448.0803344369573,EXPOSE_CLIENT,Proxy 92,1,1,0,0,200
94,450.7794801278153,EXPOSE_CLIENT,Proxy 29,2,2,0,0,200
95,457.5339108103782,EXPOSE_CLIENT,Proxy 40,2,1,0,0,200
96,459.8504012306265,EXPOSE_CLIENT,Proxy 51,0,1,0,0,200
97,473.5519490046313,EXPOSE_CLIENT,Proxy 108,1,4,0,0,200
98,475.23951743087656,EXPOSE_CLIENT,Proxy 186,1,4,0,0,200
99,476.1583289183653,EXPOSE_CLIENT,Proxy 195,1,1,0,0,200
100,478.29938198178985,EXPOSE_CLIENT,Proxy 90,2,1,0,0,200
101,486.1445932894227,EXPOSE_CLIENT,Proxy 168,1,1,0,0,200
102,486.21965802359955,EXPOSE_CLIENT,Proxy 138,1,3,0,0,200
103,487.1624439940883,EXPOSE_CLIENT,Proxy 30,1,2,0,0,200
104,491.9008646295863,EXPOSE_CLIENT,Proxy 73,2,2,0,0,200
105,493.6198364392392,EXPOSE_CLIENT,Proxy 49,2,2,0,0,200
106,495.20420473933655,EXPOSE_CLIENT,Proxy 128,0,2,0,0,200
107,503.5147069585844,EXPOSE_CLIENT,Proxy 76,0,1,0,0,200
108,510.2476046760909,EXPOSE_CLIENT,Proxy 164,0,2,0,0,200
109,516.9568076059402,EXPOSE_CLIENT,Proxy 84,1,1,0,0,200
110,518.2152430354064,EXPOSE_CLIENT,Proxy 52,3,4,0,0,200
111,521.7983951391096,EXPOSE_CLIENT,Proxy 125,1,3,0,0,200
112,522.0411882347934,EXPOSE_CLIENT,Proxy 167,1,1,0,0,200
113,523.3881424544755,EXPOSE_CLIENT,Proxy 18,2,1,0,0,200
114,523.7845856803414,EXPOSE_CLIENT,Proxy 74,0,2,0,0,200
115,524.2452955203697,EXPOSE_CLIENT,Proxy 49,3,2,0,0,200
116,525.1568686455506,EXPOSE_CLIENT,Proxy 197,0,2,0,0,200
117,529.4172626544857,EXPOSE_CLIENT,Proxy 143,2,4,0,0,200
118,536.5094222180675,EXPOSE_CLIENT,Proxy 9,0,1,0,0,200
119,537.0566058348661,EXPOSE_CLIENT,Proxy 105,0,1,0,0,200
120,540.8352198340306,EXPOSE_CLIENT,Proxy 57,3,2,0,0,200
121,544.1024315214423,EXPOSE_CLIENT,Proxy 54,1,3,0,0,200
122,548.5239803764906,EXPOSE_CLIENT,Proxy 29,3,2,0,0,200
123,554.9320486734855,EXPOSE_CLIENT,Proxy 16,0,3,0,0,200
124,555.9610128099933,EXPOSE_CLIENT,Proxy 84,2,1,0,0,200
125,582.0,CENSOR_TRACK,,264,318,0,160,40
126,560.8122577678356,EXPOSE_CLIENT,Proxy 63,0,1,0,0,200
127,562.2592167110114,EXPOSE_CLIENT,Proxy 63,1,1,0,0,200
128,562.8244075470197,EXPOSE_CLIENT,Proxy 15,0,2,0,0,200
129,565.2695740947698,EXPOSE_CLIENT,Proxy 104,0,3,0,0,200
130,565.6800277428741,EXPOSE_CLIENT,Proxy 182,0,1,0,0,200
131,565.9913830783133,EXPOSE_CLIENT,Proxy 104,1,3,0,0,200
132,569.1549152682059,EXPOSE_CLIENT,Proxy 125,2,3,0,0,200
133,571.4407552192705,EXPOSE_CLIENT,Proxy 166,1,1,0,0,200
134,579.3267772702418,EXPOSE_CLIENT,Proxy 81,0,1,0,0,200
135,581.9180797218705,EXPOSE_CLIENT,Proxy 128,1,2,0,0,200
136,582.7367664213112,EXPOSE_CLIENT,Proxy 112,3,4,0,0,200
137,586.2589733853243,EXPOSE_CLIENT,Proxy 14,0,3,0,0,200
138,588.9579418144542,EXPOSE_CLIENT,Proxy 53,2,1,0,0,200
139,599.028301729587,EXPOSE_CLIENT,Proxy 197,1,3,0,0,200
140,601.4720849624795,EXPOSE_CLIENT,Proxy 191,1,3,0,0,200
141,602.6102876463932,EXPOSE_CLIENT,Proxy 103,1,5,0,0,200
142,602.9019473875103,EXPOSE_CLIENT,Proxy 160,3,2,0,0,200
143,604.491719971678,EXPOSE_CLIENT,Proxy 181,3,1,0,0,200
144,607.2825177335599,EXPOSE_CLIENT,Proxy 129,2,2,0,0,200
145,612.3323252727178,EXPOSE_CLIENT,Proxy 67,2,5,0,0,200
146,614.1496679135729,EXPOSE_CLIENT,Proxy 162,0,1,0,0,200
147,615.8366375661799,EXPOSE_CLIENT,Proxy 70,1,2,0,0,200
148,617.6306244541593,EXPOSE_CLIENT,Proxy 141,1,2,0,0,200
149,618.1692488051684,EXPOSE_CLIENT,Proxy 70,2,2,0,0,200
150,618.6740367413468,EXPOSE_CLIENT,Proxy 47,1,3,0,0,200
151,634.9106506941179,EXPOSE_CLIENT,Proxy 199,2,1,0,0,200
152,636.5988169847526,EXPOSE_CLIENT,Proxy 166,2,1,0,0,200
153,638.3866639674419,EXPOSE_CLIENT,Proxy 185,0,1,0,0,200
154,639.4825809829674,EXPOSE_CLIENT,Proxy 190,0,3,0,0,200
155,642.4876318380855,EXPOSE_CLIENT,Proxy 37,1,1,0,0,200
156,646.3341159764234,EXPOSE_CLIENT,Proxy 178,2,1,0,0,200
157,647.5505205766981,EXPOSE_CLIENT,Proxy 190,1,3,0,0,200
158,647.6629747013986,EXPOSE_CLIENT,Proxy 171,1,3,0,0,200
159,647.7933527589441,EXPOSE_CLIENT,Proxy 166,3,1,0,0,200
160,653.6054272534859,EXPOSE_CLIENT,Proxy 195,2,1,0,0,200
161,653.7141655308442,EXPOSE_CLIENT,Proxy 80,0,1,0,0,200
162,656.6812112618485,EXPOSE_CLIENT,Proxy 166,4,1,0,0,200
163,658.309398441018,EXPOSE_CLIENT,Proxy 39,0,2,0,0,200
164,661.8819837310373,EXPOSE_CLIENT,Proxy 9,1,2,0,0,200
165,661.970060000801,EXPOSE_CLIENT,Proxy 71,1,2,0,0,200
166,662.2522559709787,EXPOSE_CLIENT,Proxy 73,3,2,0,0,200
167,664.5766014919077,EXPOSE_CLIENT,Proxy 110,2,2,0,0,200
168,665.5082343575759,EXPOSE_CLIENT,Proxy 115,0,1,0,0,200
169,665.6749989352711,EXPOSE_CLIENT,Proxy 23,0,1,0,0,200
170,665.9549788192948,EXPOSE_CLIENT,Proxy 135,2,3,0,0,200
171,671.8307874828677,EXPOSE_CLIENT,Proxy 30,2,3,0,0,200
172,672.5363953596649,EXPOSE_CLIENT,Proxy 44,2,5,0,0,200
173,675.5890033160656,EXPOSE_CLIENT,Proxy 139,1,4,0,0,200
174,676.7621754926325,EXPOSE_CLIENT,Proxy 6,1,2,0,0,200
175,684.945007173192,EXPOSE_CLIENT,Proxy 61,1,2,0,0,200
176,688.3890805197273,EXPOSE_CLIENT,Proxy 70,3,2,0,0,200
177,689.7116037549382,EXPOSE_CLIENT,Proxy 108,2,4,0,0,200
178,702.4568757172125,EXPOSE_CLIENT,Proxy 151,2,1,0,0,200
179,703.067265478894,EXPOSE_CLIENT,Proxy 25,0,1,0,0,200
180,703.6867621812085,EXPOSE_CLIENT,Proxy 74,1,2,0,0,200
181,710.2010776717506,EXPOSE_CLIENT,Proxy 110,3,3,0,0,200
182,711.6586292806459,EXPOSE_CLIENT,Proxy 168,2,1,0,0,200
183,713.7917988018152,EXPOSE_CLIENT,Proxy 111,1,2,0,0,200
184,714.0361047529215,EXPOSE_CLIENT,Proxy 18,3,2,0,0,200
185,715.7548990985089,EXPOSE_CLIENT,Proxy 64,1,2,0,0,200
186,716.9829180323622,EXPOSE_CLIENT,Proxy 12,0,2,0,0,200
187,717.7813315461283,EXPOSE_CLIENT,Proxy 172,0,6,0,0,200
188,719.9223595694633,EXPOSE_CLIENT,Proxy 77,1,2,0,0,200
189,720.2261981170651,EXPOSE_CLIENT,Proxy 33,1,1,0,0,200
190,727.3004479748183,EXPOSE_CLIENT,Proxy 124,1,3,0,0,200
191,727.7026906502725,EXPOSE_CLIENT,Proxy 54,2,3,0,0,200
192,729.6340423933376,EXPOSE_CLIENT,Proxy 28,0,1,0,0,200
193,738.7783790421776,EXPOSE_CLIENT,Proxy 0,3,1,0,0,200
194,739.9057557770916,EXPOSE_CLIENT,Proxy 15,1,4,0,0,200
195,744.2388228790069,EXPOSE_CLIENT,Proxy 113,2,2,0,0,200
196,745.8844409057746,EXPOSE_CLIENT,Proxy 195,3,1,0,0,200
197,747.7843667022936,EXPOSE_CLIENT,Proxy 117,0,3,0,0,200
198,748.056338635218,EXPOSE_CLIENT,Proxy 99,1,3,0,0,200
199,748.1656144948546,EXPOSE_CLIENT,Proxy 197,2,4,0,0,200
200,749.0508676063489,EXPOSE_CLIENT,Proxy 153,4,2,0,0,200
201,753.1646094003613,EXPOSE_CLIENT,Proxy 64,2,2,0,0,200
202,755.0511522902854,EXPOSE_CLIENT,Proxy 113,3,2,0,0,200
203,756.836838072377,EXPOSE_CLIENT,Proxy 21,4,1,0,0,200
204,759.1878262891341,EXPOSE_CLIENT,Proxy 173,2,2,0,0,200
205,759.4545870338236,EXPOSE_CLIENT,Proxy 149,2,2,0,0,200
206,759.7777239300176,EXPOSE_CLIENT,Proxy 127,1,2,0,0,200
207,766.3546974468006,EXPOSE_CLIENT,Proxy 90,3,3,0,0,200
208,766.9723516391463,EXPOSE_CLIENT,Proxy 186,2,6,0,0,200
209,768.2918380454856,EXPOSE_CLIENT,Proxy 40,3,1,0,0,200
210,769.5378159561365,EXPOSE_CLIENT,Proxy 80,1,1,0,0,200
211,770.2149742624525,EXPOSE_CLIENT,Proxy 104,2,5,0,0,200
212,771.8932505726476,EXPOSE_CLIENT,Proxy 37,2,1,0,0,200
213,776.0225055288148,EXPOSE_CLIENT,Proxy 69,0,4,0,0,200
214,776.4261061177295,EXPOSE_CLIENT,Proxy 83,0,6,0,0,200
215,780.1113912371072,EXPOSE_CLIENT,Proxy 80,2,1,0,0,200
216,780.9930801588873,EXPOSE_CLIENT,Proxy 161,0,1,0,0,200
217,784.3429258780172,EXPOSE_CLIENT,Proxy 67,3,6,0,0,200
218,787.7175915768026,EXPOSE_CLIENT,Proxy 49,4,2,0,0,200
219,792.5894713305007,EXPOSE_CLIENT,Proxy 88,2,6,0,0,200
220,792.8863292457838,EXPOSE_CLIENT,Proxy 22,1,3,0,0,200
221,792.9109259099534,EXPOSE_CLIENT,Proxy 110,4,3,0,0,200
222,799.2175635527001,EXPOSE_CLIENT,Proxy 38,2,1,0,0,200
223,801.0555232365217,EXPOSE_CLIENT,Proxy 174,0,4,0,0,200
224,802.727434631307,EXPOSE_CLIENT,Proxy 89,0,2,0,0,200
225,808.383508796037,EXPOSE_CLIENT,Proxy 74,2,2,0,0,200
226,809.3029902187768,EXPOSE_CLIENT,Proxy 31,1,2,0,0,200
227,810.9346533137815,EXPOSE_CLIENT,Proxy 154,1,1,0,0,200
228,812.3977036339403,EXPOSE_CLIENT,Proxy 176,1,3,0,0,200
229,815.1414409805956,EXPOSE_CLIENT,Proxy 123,1,2,0,0,200
230,816.7396544304,EXPOSE_CLIENT,Proxy 86,2,2,0,0,200
231,825.0608955144438,EXPOSE_CLIENT,Proxy 28,1,1,0,0,200
232,827.5020250204102,EXPOSE_CLIENT,Proxy 67,4,6,0,0,200
233,827.8189925858777,EXPOSE_CLIENT,Proxy 19,0,3,0,0,200
234,833.4512705393064,EXPOSE_CLIENT,Proxy 35,2,1,0,0,200
235,833.6862183390217,EXPOSE_CLIENT,Proxy 169,2,3,0,0,200
236,833.6943169164994,EXPOSE_CLIENT,Proxy 51,1,1,0,0,200
237,833.8369424105794,EXPOSE_CLIENT,Proxy 69,1,4,0,0,200
238,837.7579614111978,EXPOSE_CLIENT,Proxy 69,2,4,0,0,200
239,838.78979677655,EXPOSE_CLIENT,Proxy 178,3,2,0,0,200
240,839.3124455800461,EXPOSE_CLIENT,Proxy 7,0,3,0,0,200
241,839.4541078417435,EXPOSE_CLIENT,Proxy 190,2,3,0,0,200
242,839.9123658778665,EXPOSE_CLIENT,Proxy 33,2,1,0,0,200
243,843.8766017592297,EXPOSE_CLIENT,Proxy 89,1,2,0,0,200
244,845.593701110726,EXPOSE_CLIENT,Proxy 126,1,1,0,0,200
245,846.1097964560036,EXPOSE_CLIENT,Proxy 38,3,1,0,0,200
246,847.7453744482392,EXPOSE_CLIENT,Proxy 84,3,1,0,0,200
247,852.5518151413393,EXPOSE_CLIENT,Proxy 77,2,2,0,0,200
248,853.314162958413,EXPOSE_CLIENT,Proxy 73,4,3,0,0,200
249,855.3193239564779,EXPOSE_CLIENT,Proxy 37,3,2,0,0,200
250,857.5034292282501,EXPOSE_CLIENT,Proxy 195,4,1,0,0,200
251,861.7453261548613,EXPOSE_CLIENT,Proxy 24,1,5,0,0,200
252,863.581691661648,EXPOSE_CLIENT,Proxy 124,2,4,0,0,200
253,874.0,CENSOR_TRACK,,412,462,0,180,20
254,865.56557095838,EXPOSE_CLIENT,Proxy 18,4,2,0,0,200
255,866.543729210183,EXPOSE_CLIENT,Proxy 198,0,3,0,0,200
256,867.0355617175672,EXPOSE_CLIENT,Proxy 53,3,1,0,0,200
257,868.9414972970944,EXPOSE_CLIENT,Proxy 138,2,4,0,0,200
258,869.2638478159706,EXPOSE_CLIENT,Proxy 64,3,4,0,0,200
259,876.8399610654324,EXPOSE_CLIENT,Proxy 157,2,2,0,0,200
260,878.6543993086151,EXPOSE_CLIENT,Proxy 19,1,3,0,0,200
261,880.4029037671759,EXPOSE_CLIENT,Proxy 114,2,1,0,0,200
262,882.5367189504782,EXPOSE_CLIENT,Proxy 74,3,2,0,0,200
263,884.6858737094229,EXPOSE_CLIENT,Proxy 127,2,2,0,0,200
264,888.4190609172214,EXPOSE_CLIENT,Proxy 189,1,3,0,0,200
265,889.6901697223777,EXPOSE_CLIENT,Proxy 21,5,1,0,0,200
266,890.7957470499844,EXPOSE_CLIENT,Proxy 129,3,3,0,0,200
267,891.2469250178527,EXPOSE_CLIENT,Proxy 16,1,4,0,0,200
268,894.0211352997632,EXPOSE_CLIENT,Proxy 151,3,1,0,0,200
269,894.7809143011451,EXPOSE_CLIENT,Proxy 81,1,2,0,0,200
270,895.9786121008696,EXPOSE_CLIENT,Proxy 99,2,3,0,0,200
271,897.4715599583261,EXPOSE_CLIENT,Proxy 94,1,3,0,0,200
272,897.836654430635,EXPOSE_CLIENT,Proxy 16,2,4,0,0,200
273,898.2678338808765,EXPOSE_CLIENT,Proxy 131,0,3,0,0,200
274,899.0276546951529,EXPOSE_CLIENT,Proxy 189,2,3,0,0,200
275,901.8105777695074,EXPOSE_CLIENT,Proxy 112,4,4,0,0,200
276,902.2688320819873,EXPOSE_CLIENT,Proxy 1,0,2,0,0,200
277,902.9154997134293,EXPOSE_CLIENT,Proxy 164,1,5,0,0,200
278,906.9802748891838,EXPOSE_CLIENT,Proxy 167,2,2,0,0,200
279,910.9288676162938,EXPOSE_CLIENT,Proxy 30,3,3,0,0,200
280,917.8783559761074,EXPOSE_CLIENT,Proxy 4,2,2,0,0,200
281,919.9063629682068,EXPOSE_CLIENT,Proxy 153,5,2,0,0,200
282,923.3514297322209,EXPOSE_CLIENT,Proxy 45,0,4,0,0,200
283,923.7701687475411,EXPOSE_CLIENT,Proxy 46,0,3,0,0,200
284,928.3332761394481,EXPOSE_CLIENT,Proxy 117,1,3,0,0,200
285,928.800237549419,EXPOSE_CLIENT,Proxy 31,2,2,0,0,200
286,930.077398330684,EXPOSE_CLIENT,Proxy 1,1,2,0,0,200
287,930.4705032569653,EXPOSE_CLIENT,Proxy 55,1,1,0,0,200
288,931.84724803028,EXPOSE_CLIENT,Proxy 106,0,2,0,0,200
289,933.599239958828,EXPOSE_CLIENT,Proxy 123,2,2,0,0,200
290,938.4946185919428,EXPOSE_CLIENT,Proxy 134,2,2,0,0,200
291,941.3127841751514,EXPOSE_CLIENT,Proxy 154,2,2,0,0,200
292,945.6137622053369,EXPOSE_CLIENT,Proxy 188,2,1,0,0,200
293,947.6033948427872,EXPOSE_CLIENT,Proxy 130,1,2,0,0,200
294,947.7105980289189,EXPOSE_CLIENT,Proxy 67,5,6,0,0,200
295,966.3391218553692,EXPOSE_CLIENT,Proxy 53,4,1,0,0,200
296,969.4060958890099,EXPOSE_CLIENT,Proxy 167,3,2,0,0,200
297,971.9563233415641,EXPOSE_CLIENT,Proxy 167,4,2,0,0,200
298,972.8019208072586,EXPOSE_CLIENT,Proxy 118,0,1,0,0,200
299,974.9233022965694,EXPOSE_CLIENT,Proxy 64,4,4,0,0,200
300,974.9840638957,EXPOSE_CLIENT,Proxy 164,2,5,0,0,200
301,978.2756525647113,EXPOSE_CLIENT,Proxy 195,5,2,0,0,200
302,981.3794441481956,EXPOSE_CLIENT,Proxy 177,3,1,0,0,200
303,985.209089305792,EXPOSE_CLIENT,Proxy 81,2,3,0,0,200
304,986.6950916623647,EXPOSE_CLIENT,Proxy 43,0,4,0,0,200
305,987.6221532030787,EXPOSE_CLIENT,Proxy 167,5,2,0,0,200
306,990.1959813656364,EXPOSE_CLIENT,Proxy 26,0,4,0,0,200
307,991.6692714696749,EXPOSE_CLIENT,Proxy 95,0,1,0,0,200
308,993.1332965852673,EXPOSE_CLIENT,Proxy 35,3,2,0,0,200
309,994.1134523744465,EXPOSE_CLIENT,Proxy 12,1,3,0,0,200
310,998.5863707397947,EXPOSE_CLIENT,Proxy 27,2,4,0,0,200
311,1001.0678288475501,EXPOSE_CLIENT,Proxy 186,3,6,0,0,200
312,1002.291409172725,EXPOSE_CLIENT,Proxy 57,4,2,0,0,200
313,1005.5487894380364,EXPOSE_CLIENT,Proxy 17,3,1,0,0,200
314,1006.2854378348248,EXPOSE_CLIENT,Proxy 56,5,1,0,0,200
315,1006.6551957611163,EXPOSE_CLIENT,Proxy 153,6,2,0,0,200
316,1010.1625296985906,EXPOSE_CLIENT,Proxy 100,2,5,0,0,200
317,1010.5730183971357,EXPOSE_CLIENT,Proxy 22,2,4,0,0,200
318,1015.3294447129881,EXPOSE_CLIENT,Proxy 190,3,5,0,0,200
319,1016.7224957808932,EXPOSE_CLIENT,Proxy 173,3,3,0,0,200
320,1018.6994241657417,EXPOSE_CLIENT,Proxy 76,1,1,0,0,200
321,1022.9544465802704,EXPOSE_CLIENT,Proxy 107,4,4,0,0,200
322,1023.5654154550615,EXPOSE_CLIENT,Proxy 119,0,1,0,0,200
323,1024.1231447964813,EXPOSE_CLIENT,Proxy 185,1,2,0,0,200
324,1025.0321792670834,EXPOSE_CLIENT,Proxy 153,7,2,0,0,200
325,1027.2878046732667,EXPOSE_CLIENT,Proxy 83,1,7,0,0,200
326,1028.5941472959776,EXPOSE_CLIENT,Proxy 99,3,3,0,0,200
327,1029.0832278848973,EXPOSE_CLIENT,Proxy 122,0,2,0,0,200
328,1031.9302157113716,EXPOSE_CLIENT,Proxy 5,0,5,0,0,200
329,1032.8190007178732,EXPOSE_CLIENT,Proxy 159,2,1,0,0,200
330,1034.4077610526617,EXPOSE_CLIENT,Proxy 80,3,2,0,0,200
331,1035.7666053389028,EXPOSE_CLIENT,Proxy 7,1,3,0,0,200
332,1037.7312616149638,EXPOSE_CLIENT,Proxy 60,1,4,0,0,200
333,1042.2971360809215,EXPOSE_CLIENT,Proxy 7,2,3,0,0,200
334,1042.3844462990307,EXPOSE_CLIENT,Proxy 119,1,1,0,0,200
335,1042.6140110125139,EXPOSE_CLIENT,Proxy 34,1,4,0,0,200
336,1044.728959220861,EXPOSE_CLIENT,Proxy 129,4,3,0,0,200
337,1045.218194569826,EXPOSE_CLIENT,Proxy 192,1,1,0,0,200
338,1048.830883678267,EXPOSE_CLIENT,Proxy 12,2,3,0,0,200
339,1053.428642345976,EXPOSE_CLIENT,Proxy 110,5,3,0,0,200
340,1056.1084311974478,EXPOSE_CLIENT,Proxy 129,5,3,0,0,200
341,1062.0621009392678,EXPOSE_CLIENT,Proxy 18,5,3,0,0,200
342,1062.1665209398648,EXPOSE_CLIENT,Proxy 105,1,6,0,0,200
343,1062.3808548264935,EXPOSE_CLIENT,Proxy 54,3,5,0,0,200
344,1062.5433057062883,EXPOSE_CLIENT,Proxy 111,2,3,0,0,200
345,1065.333443699972,EXPOSE_CLIENT,Proxy 104,3,5,0,0,200
346,1079.420833561039,EXPOSE_CLIENT,Proxy 188,3,2,0,0,200
347,1080.2754145689821,EXPOSE_CLIENT,Proxy 76,2,2,0,0,200
348,1087.3194375456565,EXPOSE_CLIENT,Proxy 114,3,2,0,0,200
349,1089.8924481870263,EXPOSE_CLIENT,Proxy 20,1,5,0,0,200
350,1097.2831504310939,EXPOSE_CLIENT,Proxy 11,1,3,0,0,200
351,1103.3775319923304,EXPOSE_CLIENT,Proxy 103,2,6,0,0,200
352,1106.2666252842673,EXPOSE_CLIENT,Proxy 67,6,6,0,0,200
353,1115.1106993281455,EXPOSE_CLIENT,Proxy 156,0,3,0,0,200
354,1116.6363212008202,EXPOSE_CLIENT,Proxy 167,6,4,0,0,200
355,1118.4448428731591,EXPOSE_CLIENT,Proxy 193,3,3,0,0,200
356,1120.5697078203718,EXPOSE_CLIENT,Proxy 190,4,5,0,0,200
357,1123.4856988960637,EXPOSE_CLIENT,Proxy 146,3,1,0,0,200
358,1124.673291533713,EXPOSE_CLIENT,Proxy 191,2,3,0,0,200
359,1126.1260049150646,EXPOSE_CLIENT,Proxy 155,0,5,0,0,200
360,1126.2886143327003,EXPOSE_CLIENT,Proxy 3,2,1,0,0,200
361,1126.6033527524235,EXPOSE_CLIENT,Proxy 124,3,4,0,0,200
362,1128.5875089601536,EXPOSE_CLIENT,Proxy 134,3,2,0,0,200
363,1131.0737082808946,EXPOSE_CLIENT,Proxy 198,1,4,0,0,200
364,1131.5337956554783,EXPOSE_CLIENT,Proxy 134,4,2,0,0,200
365,1135.5295141002332,EXPOSE_CLIENT,Proxy 153,8,4,0,0,200
366,1135.5610131721085,EXPOSE_CLIENT,Proxy 32,2,5,0,0,200
367,1135.9194367186126,EXPOSE_CLIENT,Proxy 115,1,2,0,0,200
368,1137.9272159497095,EXPOSE_CLIENT,Proxy 127,3,2,0,0,200
369,1138.2314740293768,EXPOSE_CLIENT,Proxy 113,4,2,0,0,200
370,1143.6909875232782,EXPOSE_CLIENT,Proxy 188,4,3,0,0,200
371,1147.200790686251,EXPOSE_CLIENT,Proxy 167,7,5,0,0,200
372,1147.495560622843,EXPOSE_CLIENT,Proxy 109,0,1,0,0,200
373,1150.2127990118956,EXPOSE_CLIENT,Proxy 197,3,5,0,0,200
374,1151.4587534413658,EXPOSE_CLIENT,Proxy 124,4,4,0,0,200
375,1154.7471655204558,EXPOSE_CLIENT,Proxy 195,6,2,0,0,200
376,1154.8823715829442,EXPOSE_CLIENT,Proxy 141,2,3,0,0,200
377,1156.4144660851666,EXPOSE_CLIENT,Proxy 108,3,7,0,0,200
378,1160.0120516272857,EXPOSE_CLIENT,Proxy 1,2,2,0,0,200
379,1168.4914586371897,EXPOSE_CLIENT,Proxy 88,3,7,0,0,200
380,1169.5627891545248,EXPOSE_CLIENT,Proxy 127,4,2,0,0,200
381,1169.5933974618445,EXPOSE_CLIENT,Proxy 51,2,2,0,0,200
382,1175.5975176116995,EXPOSE_CLIENT,Proxy 150,2,3,0,0,200
383,1177.8838960746277,EXPOSE_CLIENT,Proxy 31,3,3,0,0,200
384,1179.2180940644707,EXPOSE_CLIENT,Proxy 103,3,6,0,0,200
385,1181.2747293931488,EXPOSE_CLIENT,Proxy 102,1,1,0,0,200
386,1183.2486760408694,EXPOSE_CLIENT,Proxy 88,4,7,0,0,200
387,1186.9535837656952,EXPOSE_CLIENT,Proxy 85,2,3,0,0,200
388,1187.0898842098134,EXPOSE_CLIENT,Proxy 101,2,2,0,0,200
389,1191.7582443964523,EXPOSE_CLIENT,Proxy 41,2,3,0,0,200
390,1193.1654494125446,EXPOSE_CLIENT,Proxy 6,2,3,0,0,200
391,1197.3346528697614,EXPOSE_CLIENT,Proxy 8,1,2,0,0,200
392,1197.8968176754568,EXPOSE_CLIENT,Proxy 143,3,9,0,0,200
393,1199.0102450548416,EXPOSE_CLIENT,Proxy 141,3,3,0,0,200
394,1199.2285606240164,EXPOSE_CLIENT,Proxy 153,9,5,0,0,200
395,1203.3684916960951,EXPOSE_CLIENT,Proxy 98,0,2,0,0,200
396,1204.7327965357492,EXPOSE_CLIENT,Proxy 63,2,1,0,0,200
397,1205.1065870194732,EXPOSE_CLIENT,Proxy 174,1,5,0,0,200
398,1205.5741642217895,EXPOSE_CLIENT,Proxy 137,0,6,0,0,200
399,1206.6145614229606,EXPOSE_CLIENT,Proxy 7,3,3,0,0,200
400,1209.1333788743134,EXPOSE_CLIENT,Proxy 198,2,4,0,0,200
401,1209.6340946865732,EXPOSE_CLIENT,Proxy 11,2,3,0,0,200
402,1210.6775076116987,EXPOSE_CLIENT,Proxy 83,2,8,0,0,200
403,1211.2185545191371,EXPOSE_CLIENT,Proxy 193,4,3,0,0,200
404,1213.3190961145035,EXPOSE_CLIENT,Proxy 189,3,4,0,0,200
405,1215.8143721175957,EXPOSE_CLIENT,Proxy 70,4,3,0,0,200
406,1217.883315870238,EXPOSE_CLIENT,Proxy 67,7,6,0,0,200
407,1218.9495846676173,EXPOSE_CLIENT,Proxy 62,2,1,0,0,200
408,1221.4454981617537,EXPOSE_CLIENT,Proxy 115,2,3,0,0,200
409,1224.5137506177732,EXPOSE_CLIENT,Proxy 94,2,3,0,0,200
410,1225.5780040396676,EXPOSE_CLIENT,Proxy 154,3,3,0,0,200
411,1240.5945934575307,EXPOSE_CLIENT,Proxy 110,6,4,0,0,200
412,1243.0366223478877,EXPOSE_CLIENT,Proxy 36,0,2,0,0,200
413,1246.3703900393473,EXPOSE_CLIENT,Proxy 112,5,4,0,0,200
414,1247.024837272092,EXPOSE_CLIENT,Proxy 5,1,5,0,0,200
415,1247.24617463339,EXPOSE_CLIENT,Proxy 24,2,8,0,0,200
416,1248.7675335425997,EXPOSE_CLIENT,Proxy 10,0,4,0,0,200
417,1248.8985989645462,EXPOSE_CLIENT,Proxy 18,6,3,0,0,200
418,1249.7025475216853,EXPOSE_CLIENT,Proxy 176,2,4,0,0,200
419,1249.850338151957,EXPOSE_CLIENT,Proxy 61,2,5,0,0,200
420,1251.8731608259761,EXPOSE_CLIENT,Proxy 38,4,1,0,0,200
421,1253.5067362404973,EXPOSE_CLIENT,Proxy 20,2,6,0,0,200
422,1254.3009883854666,EXPOSE_CLIENT,Proxy 76,3,4,0,0,200
423,1263.1599560603443,EXPOSE_CLIENT,Proxy 93,0,5,0,0,200
424,1264.6311378841417,EXPOSE_CLIENT,Proxy 22,3,4,0,0,200
425,1265.1719372365746,EXPOSE_CLIENT,Proxy 143,4,10,0,0,200
426,1266.4099135382055,EXPOSE_CLIENT,Proxy 88,5,7,0,0,200
427,1266.4592781208676,EXPOSE_CLIENT,Proxy 53,5,3,0,0,200
428,1268.7911562875292,EXPOSE_CLIENT,Proxy 199,3,3,0,0,200
429,1271.6956117718685,EXPOSE_CLIENT,Proxy 152,2,1,0,0,200
430,1271.923967454334,EXPOSE_CLIENT,Proxy 22,4,5,0,0,200
431,1274.9716165046527,EXPOSE_CLIENT,Proxy 50,2,1,0,0,200
432,1275.044393991463,EXPOSE_CLIENT,Proxy 32,3,5,0,0,200
433,1280.5912914942662,EXPOSE_CLIENT,Proxy 41,3,3,0,0,200
434,1284.7221354576752,EXPOSE_CLIENT,Proxy 188,5,3,0,0,200
435,1289.2060406373023,EXPOSE_CLIENT,Proxy 153,10,5,0,0,200
436,1293.9700676973869,EXPOSE_CLIENT,Proxy 96,3,1,0,0,200
437,1294.239193322721,EXPOSE_CLIENT,Proxy 111,3,3,0,0,200
438,1298.3324501846027,EXPOSE_CLIENT,Proxy 151,4,2,0,0,200
439,1298.5173382967378,EXPOSE_CLIENT,Proxy 90,4,5,0,0,200
440,1301.1765223933542,EXPOSE_CLIENT,Proxy 142,2,4,0,0,200
441,1302.6309627772837,EXPOSE_CLIENT,Proxy 94,3,3,0,0,200
442,1303.4215958830575,EXPOSE_CLIENT,Proxy 168,3,3,0,0,200
443,1309.2157747334384,EXPOSE_CLIENT,Proxy 167,8,5,0,0,200
444,1310.926050974503,EXPOSE_CLIENT,Proxy 187,0,6,0,0,200
445,1312.5723889432595,EXPOSE_CLIENT,Proxy 60,2,6,0,0,200
446,1313.307584716785,EXPOSE_CLIENT,Proxy 48,4,6,0,0,200
447,1315.7884694517222,EXPOSE_CLIENT,Proxy 88,6,7,0,0,200
448,1317.0443659177752,EXPOSE_CLIENT,Proxy 132,2,2,0,0,200
449,1321.4910487915304,EXPOSE_CLIENT,Proxy 27,3,4,0,0,200
450,1322.3247268398345,EXPOSE_CLIENT,Proxy 168,4,3,0,0,200
451,1329.7981174098527,EXPOSE_CLIENT,Proxy 104,4,5,0,0,200
452,1330.6900432278348,EXPOSE_CLIENT,Proxy 149,3,2,0,0,200
453,1333.5199102510421,EXPOSE_CLIENT,Proxy 45,1,4,0,0,200
454,1334.0837251303556,EXPOSE_CLIENT,Proxy 114,4,2,0,0,200
455,1341.569629356503,EXPOSE_CLIENT,Proxy 102,2,1,0,0,200
456,1343.4011966103415,EXPOSE_CLIENT,Proxy 151,5,2,0,0,200
457,1345.676348499204,EXPOSE_CLIENT,Proxy 83,3,8,0,0,200
458,1346.7836605752098,EXPOSE_CLIENT,Proxy 152,3,1,0,0,200
459,1348.1944283490664,EXPOSE_CLIENT,Proxy 12,3,4,0,0,200
460,1350.1094963132148,EXPOSE_CLIENT,Proxy 61,3,6,0,0,200
461,1352.729376984587,EXPOSE_CLIENT,Proxy 18,7,3,0,0,200
462,1355.089065805635,EXPOSE_CLIENT,Proxy 129,6,5,0,0,200
463,1355.7709375825038,EXPOSE_CLIENT,Proxy 23,1,1,0,0,200
464,1356.715876201459,EXPOSE_CLIENT,Proxy 111,4,3,0,0,200
465,1357.0718354511373,EXPOSE_CLIENT,Proxy 67,8,6,0,0,200
466,1359.3242157929471,EXPOSE_CLIENT,Proxy 64,5,4,0,0,200
467,1363.119783905821,EXPOSE_CLIENT,Proxy 22,5,5,0,0,200
468,1363.2321244735458,EXPOSE_CLIENT,Proxy 170,1,4,0,0,200
469,1363.2745479239384,EXPOSE_CLIENT,Proxy 127,5,2,0,0,200
470,1364.8135465547316,EXPOSE_CLIENT,Proxy 176,3,5,0,0,200
471,1366.9050589847072,EXPOSE_CLIENT,Proxy 55,2,2,0,0,200
472,1368.1141154719912,EXPOSE_CLIENT,Proxy 36,1,3,0,0,200
473,1369.2702939034557,EXPOSE_CLIENT,Proxy 60,3,7,0,0,200
474,1370.4834443456414,EXPOSE_CLIENT,Proxy 56,6,1,0,0,200
475,1374.47724458926,EXPOSE_CLIENT,Proxy 173,4,3,0,0,200
476,1377.9827692802785,EXPOSE_CLIENT,Proxy 98,1,3,0,0,200
477,1379.17189523068,EXPOSE_CLIENT,Proxy 81,3,3,0,0,200
478,1382.4193426450342,EXPOSE_CLIENT,Proxy 67,9,6,0,0,200
479,1386.6972633758849,EXPOSE_CLIENT,Proxy 121,0,1,0,0,200
480,1390.0073429215495,EXPOSE_CLIENT,Proxy 64,6,4,0,0,200
481,1393.3109236095538,EXPOSE_CLIENT,Proxy 48,5,6,0,0,200
482,1396.4322459573375,EXPOSE_CLIENT,Proxy 128,2,5,0,0,200
483,1397.7556471591886,EXPOSE_CLIENT,Proxy 159,3,1,0,0,200
484,1398.9519757122193,EXPOSE_CLIENT,Proxy 160,4,3,0,0,200
485,1400.3576486837146,EXPOSE_CLIENT,Proxy 15,2,5,0,0,200
486,1400.6346961646627,EXPOSE_CLIENT,Proxy 105,2,6,0,0,200
487,1402.6107143720776,EXPOSE_CLIENT,Proxy 135,3,5,0,0,200
488,1403.0860031716998,EXPOSE_CLIENT,Proxy 69,3,6,0,0,200
489,1404.1902274655822,EXPOSE_CLIENT,Proxy 142,3,5,0,0,200
490,1405.5059609573661,EXPOSE_CLIENT,Proxy 106,1,3,0,0,200
491,1408.9413570889367,EXPOSE_CLIENT,Proxy 9,2,4,0,0,200
492,1413.152827510091,EXPOSE_CLIENT,Proxy 7,4,3,0,0,200
493,1415.7845420964106,EXPOSE_CLIENT,Proxy 9,3,4,0,0,200
494,1416.088518354975,EXPOSE_CLIENT,Proxy 67,10,6,0,0,200
495,1416.7292369534166,EXPOSE_CLIENT,Proxy 179,4,5,0,0,200
496,1418.4797567461922,EXPOSE_CLIENT,Proxy 73,5,5,0,0,200
497,1419.0753459112225,EXPOSE_CLIENT,Proxy 49,5,4,0,0,200
498,1419.2031664767728,EXPOSE_CLIENT,Proxy 176,4,5,0,0,200
499,1419.660468127493,EXPOSE_CLIENT,Proxy 198,3,5,0,0,200
500,1421.516372636408,EXPOSE_CLIENT,Proxy 138,3,4,0,0,200
501,1423.375346032071,EXPOSE_CLIENT,Proxy 60,4,7,0,0,200
502,1425.3861734932796,EXPOSE_CLIENT,Proxy 5,2,6,0,0,200
503,1425.5996901313429,EXPOSE_CLIENT,Proxy 21,6,1,0,0,200
504,1427.673497961497,EXPOSE_CLIENT,Proxy 25,1,3,0,0,200
505,1429.26170101109,EXPOSE_CLIENT,Proxy 87,3,4,0,0,200
506,1434.0792664437295,EXPOSE_CLIENT,Proxy 6,3,4,0,0,200
507,1435.0006267492026,EXPOSE_CLIENT,Proxy 165,1,5,0,0,200
508,1437.1203450471414,EXPOSE_CLIENT,Proxy 90,5,5,0,0,200
509,1438.216556657575,EXPOSE_CLIENT,Proxy 109,1,1,0,0,200
510,1443.077376848396,EXPOSE_CLIENT,Proxy 84,4,2,0,0,200
511,1443.225109783627,EXPOSE_CLIENT,Proxy 172,1,7,0,0,200
512,1446.9793256916507,EXPOSE_CLIENT,Proxy 113,5,4,0,0,200
513,1448.0670421920581,EXPOSE_CLIENT,Proxy 85,3,4,0,0,200
514,1448.1076789855335,EXPOSE_CLIENT,Proxy 0,4,1,0,0,200
515,1448.3808627123651,EXPOSE_CLIENT,Proxy 155,1,6,0,0,200
516,1449.8713504278082,EXPOSE_CLIENT,Proxy 194,1,1,0,0,200
517,1450.3990131968992,EXPOSE_CLIENT,Proxy 177,4,2,0,0,200
518,1451.5602552710636,EXPOSE_CLIENT,Proxy 79,2,2,0,0,200
519,1452.0283967576167,EXPOSE_CLIENT,Proxy 172,2,7,0,0,200
520,1455.779717894617,EXPOSE_CLIENT,Proxy 177,5,2,0,0,200
521,1456.3179991731056,EXPOSE_CLIENT,Proxy 134,5,3,0,0,200
522,1458.513316079488,EXPOSE_CLIENT,Proxy 85,4,4,0,0,200
523,1459.2668424440837,EXPOSE_CLIENT,Proxy 138,4,4,0,0,200
524,1463.0029841857474,EXPOSE_CLIENT,Proxy 185,2,3,0,0,200
525,1463.1624493569918,EXPOSE_CLIENT,Proxy 52,4,7,0,0,200
526,1469.05839546266,EXPOSE_CLIENT,Proxy 5,3,6,0,0,200
527,1471.3939908400166,EXPOSE_CLIENT,Proxy 133,4,1,0,0,200
528,1476.2375673537288,EXPOSE_CLIENT,Proxy 158,0,6,0,0,200
529,1479.114760543821,EXPOSE_CLIENT,Proxy 165,2,5,0,0,200
530,1482.657236879321,EXPOSE_CLIENT,Proxy 39,1,3,0,0,200
531,1484.3248210102997,EXPOSE_CLIENT,Proxy 72,2,2,0,0,200
532,1494.1873146554772,EXPOSE_CLIENT,Proxy 176,5,5,0,0,200
533,1494.7707954768123,EXPOSE_CLIENT,Proxy 143,5,12,0,0,200
534,1494.7762873437357,EXPOSE_CLIENT,Proxy 89,2,2,0,0,200
535,1495.5747716302974,EXPOSE_CLIENT,Proxy 185,3,3,0,0,200
536,1501.076058141221,EXPOSE_CLIENT,Proxy 62,3,1,0,0,200
537,1502.4127091158748,EXPOSE_CLIENT,Proxy 174,2,6,0,0,200
538,1503.3997332568626,EXPOSE_CLIENT,Proxy 186,4,6,0,0,200
539,1505.1781162394489,EXPOSE_CLIENT,Proxy 28,2,3,0,0,200
540,1505.669095169509,EXPOSE_CLIENT,Proxy 103,4,6,0,0,200
541,1506.2126037176831,EXPOSE_CLIENT,Proxy 69,4,7,0,0,200
542,1509.1737035540111,EXPOSE_CLIENT,Proxy 193,5,3,0,0,200
543,1509.7328682490074,EXPOSE_CLIENT,Proxy 166,5,2,0,0,200
544,1510.6175963437074,EXPOSE_CLIENT,Proxy 36,2,3,0,0,200
545,1512.1233638939952,EXPOSE_CLIENT,Proxy 61,4,6,0,0,200
546,1515.0195101224595,EXPOSE_CLIENT,Proxy 81,4,3,0,0,200
547,1515.191028258191,EXPOSE_CLIENT,Proxy 48,6,6,0,0,200
548,1520.8421621468808,EXPOSE_CLIENT,Proxy 121,1,1,0,0,200
549,1522.4447411660178,EXPOSE_CLIENT,Proxy 154,4,3,0,0,200
550,1524.1640894354186,EXPOSE_CLIENT,Proxy 139,2,5,0,0,200
551,1527.4397276860755,EXPOSE_CLIENT,Proxy 170,2,5,0,0,200
552,1534.8502147476047,EXPOSE_CLIENT,Proxy 142,4,5,0,0,200
553,1535.8698747893286,EXPOSE_CLIENT,Proxy 26,1,6,0,0,200
554,1540.4519516742441,EXPOSE_CLIENT,Proxy 143,6,13,0,0,200
555,1541.9383281086893,EXPOSE_CLIENT,Proxy 15,3,5,0,0,200
556,1542.1571007419757,EXPOSE_CLIENT,Proxy 129,7,5,0,0,200
557,1544.2496063362942,EXPOSE_CLIENT,Proxy 36,3,3,0,0,200
558,1545.4324349860499,EXPOSE_CLIENT,Proxy 18,8,6,0,0,200
559,1548.8773338910794,EXPOSE_CLIENT,Proxy 40,4,2,0,0,200
560,1549.9711455779163,EXPOSE_CLIENT,Proxy 126,2,1,0,0,200
561,1554.0640178742726,EXPOSE_CLIENT,Proxy 6,4,5,0,0,200
562,1557.6743285578434,EXPOSE_CLIENT,Proxy 73,6,8,0,0,200
563,1558.168900840859,EXPOSE_CLIENT,Proxy 155,2,6,0,0,200
564,1565.5779967028582,EXPOSE_CLIENT,Proxy 72,3,2,0,0,200
565,1566.4130430683372,EXPOSE_CLIENT,Proxy 113,6,4,0,0,200
566,1566.5477958532972,EXPOSE_CLIENT,Proxy 167,9,5,0,0,200
567,1568.5784381193168,EXPOSE_CLIENT,Proxy 69,5,7,0,0,200
568,1571.2861366242053,EXPOSE_CLIENT,Proxy 149,4,3,0,0,200
569,1571.701411294639,EXPOSE_CLIENT,Proxy 23,2,1,0,0,200
570,1571.7106529696457,EXPOSE_CLIENT,Proxy 64,7,4,0,0,200
571,1576.7359687040694,EXPOSE_CLIENT,Proxy 46,1,4,0,0,200
572,1577.0903821974834,EXPOSE_CLIENT,Proxy 189,4,4,0,0,200
573,1579.657027336435,EXPOSE_CLIENT,Proxy 183,1,5,0,0,200
574,1583.4807855699776,EXPOSE_CLIENT,Proxy 57,5,2,0,0,200
575,1584.5815482825105,EXPOSE_CLIENT,Proxy 181,4,5,0,0,200
576,1584.943282991052,EXPOSE_CLIENT,Proxy 60,5,8,0,0,200
577,1586.5199816061838,EXPOSE_CLIENT,Proxy 94,4,4,0,0,200
578,1586.6871378710825,EXPOSE_CLIENT,Proxy 24,3,10,0,0,200
579,1588.6674912797794,EXPOSE_CLIENT,Proxy 129,8,5,0,0,200
580,1590.8411323988398,EXPOSE_CLIENT,Proxy 103,5,7,0,0,200
581,1594.0233161665376,EXPOSE_CLIENT,Proxy 78,1,4,0,0,200
582,1594.0748151223545,EXPOSE_CLIENT,Proxy 147,2,2,0,0,200
583,1594.588316665604,EXPOSE_CLIENT,Proxy 30,4,3,0,0,200
584,1596.8311100149144,EXPOSE_CLIENT,Proxy 146,4,3,0,0,200
585,1597.1795811068116,EXPOSE_CLIENT,Proxy 25,2,4,0,0,200
586,1598.8135559320924,EXPOSE_CLIENT,Proxy 125,3,4,0,0,200
587,1599.9509150349948,EXPOSE_CLIENT,Proxy 6,5,5,0,0,200
588,1600.6420240507593,EXPOSE_CLIENT,Proxy 44,3,5,0,0,200
589,1600.9521098511555,EXPOSE_CLIENT,Proxy 130,2,2,0,0,200
590,1605.510378145255,EXPOSE_CLIENT,Proxy 40,5,2,0,0,200
591,1608.9346607002199,EXPOSE_CLIENT,Proxy 127,6,2,0,0,200
592,1609.7942974731616,EXPOSE_CLIENT,Proxy 174,3,8,0,0,200
593,1610.6725397535836,EXPOSE_CLIENT,Proxy 25,3,4,0,0,200
594,1616.9692540919752,EXPOSE_CLIENT,Proxy 155,3,6,0,0,200
595,1618.6193561348712,EXPOSE_CLIENT,Proxy 156,1,3,0,0,200
596,1619.6276433752269,EXPOSE_CLIENT,Proxy 91,1,5,0,0,200
597,1620.724314515568,EXPOSE_CLIENT,Proxy 14,1,6,0,0,200
598,1622.2145685760738,EXPOSE_CLIENT,Proxy 169,3,4,0,0,200
599,1625.1850563834,EXPOSE_CLIENT,Proxy 130,3,2,0,0,200
600,1625.5960893238134,EXPOSE_CLIENT,Proxy 29,4,6,0,0,200
601,1628.877615133898,EXPOSE_CLIENT,Proxy 159,4,1,0,0,200
602,1628.9585767041726,EXPOSE_CLIENT,Proxy 60,6,8,0,0,200
603,1629.0895490063142,EXPOSE_CLIENT,Proxy 77,3,3,0,0,200
604,1629.6951737350582,EXPOSE_CLIENT,Proxy 2,1,5,0,0,200
605,1630.7628213591752,EXPOSE_CLIENT,Proxy 107,5,6,0,0,200
606,1631.8455073335538,EXPOSE_CLIENT,Proxy 175,1,4,0,0,200
607,1631.9067578228498,EXPOSE_CLIENT,Proxy 75,4,2,0,0,200
608,1632.9507544908884,EXPOSE_CLIENT,Proxy 24,4,10,0,0,200
609,1634.4027110900997,EXPOSE_CLIENT,Proxy 117,2,5,0,0,200
610,1635.5951328408478,EXPOSE_CLIENT,Proxy 160,5,3,0,0,200
611,1636.4167312084103,EXPOSE_CLIENT,Proxy 68,0,2,0,0,200
612,1639.5288980806708,EXPOSE_CLIENT,Proxy 56,7,1,0,0,200
613,1643.187004311719,EXPOSE_CLIENT,Proxy 191,3,5,0,0,200
614,1650.895358690831,EXPOSE_CLIENT,Proxy 149,5,3,0,0,200
615,1654.6091465602915,EXPOSE_CLIENT,Proxy 116,0,4,0,0,200
616,1657.7270138914764,EXPOSE_CLIENT,Proxy 3,3,2,0,0,200
617,1659.7381419358778,EXPOSE_CLIENT,Proxy 176,6,5,0,0,200
618,1660.1380797902364,EXPOSE_CLIENT,Proxy 41,4,3,0,0,200
619,1662.0378254203472,EXPOSE_CLIENT,Proxy 188,6,3,0,0,200
620,1665.5049321924675,EXPOSE_CLIENT,Proxy 194,2,1,0,0,200
621,1665.7374707707884,EXPOSE_CLIENT,Proxy 141,4,3,0,0,200
622,1670.3828754817453,EXPOSE_CLIENT,Proxy 181,5,5,0,0,200
623,1671.8296074579284,EXPOSE_CLIENT,Proxy 160,6,3,0,0,200
624,1673.1064044683117,EXPOSE_CLIENT,Proxy 97,2,4,0,0,200
625,1678.4622058660511,EXPOSE_CLIENT,Proxy 152,4,1,0,0,200
626,1680.5627646724495,EXPOSE_CLIENT,Proxy 41,5,3,0,0,200
627,1683.3323011930581,EXPOSE_CLIENT,Proxy 138,5,6,0,0,200
628,1685.2396100015417,EXPOSE_CLIENT,Proxy 179,5,5,0,0,200
629,1685.387008222489,EXPOSE_CLIENT,Proxy 77,4,3,0,0,200
630,1686.6521753884165,EXPOSE_CLIENT,Proxy 146,5,3,0,0,200
631,1687.5935182118387,EXPOSE_CLIENT,Proxy 96,4,1,0,0,200
632,1689.420834105796,EXPOSE_CLIENT,Proxy 168,5,4,0,0,200
633,1691.2365194430595,EXPOSE_CLIENT,Proxy 71,2,4,0,0,200
634,1692.3401752769853,EXPOSE_CLIENT,Proxy 194,3,1,0,0,200
635,1693.7280344608646,EXPOSE_CLIENT,Proxy 18,9,7,0,0,200
636,1696.77146124519,EXPOSE_CLIENT,Proxy 13,1,3,0,0,200
637,1697.7161139313316,EXPOSE_CLIENT,Proxy 143,7,13,0,0,200
638,1698.6337417583138,EXPOSE_CLIENT,Proxy 193,6,4,0,0,200
639,1698.8301868174422,EXPOSE_CLIENT,Proxy 168,6,4,0,0,200
640,1699.3440527410266,EXPOSE_CLIENT,Proxy 40,6,2,0,0,200
641,1702.7513360868813,EXPOSE_CLIENT,Proxy 4,3,3,0,0,200
642,1704.8285278148232,EXPOSE_CLIENT,Proxy 79,3,2,0,0,200
643,1704.8912477134807,EXPOSE_CLIENT,Proxy 111,5,3,0,0,200
644,1705.8302347100068,EXPOSE_CLIENT,Proxy 180,5,1,0,0,200
645,1711.1671040172532,EXPOSE_CLIENT,Proxy 4,4,3,0,0,200
646,1711.5214754147773,EXPOSE_CLIENT,Proxy 23,3,3,0,0,200
647,1712.9229506566667,EXPOSE_CLIENT,Proxy 8,2,5,0,0,200
648,1715.5280872320727,EXPOSE_CLIENT,Proxy 125,4,4,0,0,200
649,1723.6087694506384,EXPOSE_CLIENT,Proxy 85,5,4,0,0,200
650,1723.685964118021,EXPOSE_CLIENT,Proxy 87,4,6,0,0,200
651,1727.141294612361,EXPOSE_CLIENT,Proxy 41,6,3,0,0,200
652,1727.9486268351118,EXPOSE_CLIENT,Proxy 172,3,9,0,0,200
653,1731.4740976901498,EXPOSE_CLIENT,Proxy 178,4,2,0,0,200
654,1738.382913600657,EXPOSE_CLIENT,Proxy 121,2,1,0,0,200
655,1748.1207693087422,EXPOSE_CLIENT,Proxy 40,7,2,0,0,200
656,1750.4357791142968,EXPOSE_CLIENT,Proxy 29,5,6,0,0,200
657,1752.2090156186384,EXPOSE_CLIENT,Proxy 162,1,6,0,0,200
658,1752.3311030429297,EXPOSE_CLIENT,Proxy 101,3,2,0,0,200
659,1752.4854458989664,EXPOSE_CLIENT,Proxy 161,1,4,0,0,200
660,1754.265391247134,EXPOSE_CLIENT,Proxy 192,2,2,0,0,200
661,1755.9074024719398,EXPOSE_CLIENT,Proxy 49,6,4,0,0,200
662,1756.40482153223,EXPOSE_CLIENT,Proxy 110,7,5,0,0,200
663,1756.4097879355234,EXPOSE_CLIENT,Proxy 167,10,6,0,0,200
664,1757.1570412336232,EXPOSE_CLIENT,Proxy 110,8,5,0,0,200
665,1759.3762814962531,EXPOSE_CLIENT,Proxy 107,6,7,0,0,200
666,1759.7884910037315,EXPOSE_CLIENT,Proxy 26,2,6,0,0,200
667,1762.219274824864,EXPOSE_CLIENT,Proxy 162,2,6,0,0,200
668,1762.758754416572,EXPOSE_CLIENT,Proxy 96,5,1,0,0,200
669,1766.5149643609575,EXPOSE_CLIENT,Proxy 14,2,6,0,0,200
670,1770.175377565391,EXPOSE_CLIENT,Proxy 100,3,7,0,0,200
671,1773.6211052001147,EXPOSE_CLIENT,Proxy 73,7,8,0,0,200
672,1774.3049583371032,EXPOSE_CLIENT,Proxy 12,4,5,0,0,200
673,1775.752406090311,EXPOSE_CLIENT,Proxy 174,4,10,0,0,200
674,1778.8993852469532,EXPOSE_CLIENT,Proxy 189,5,4,0,0,200
675,1780.7138078975947,EXPOSE_CLIENT,Proxy 100,4,7,0,0,200
676,1783.7114707469425,EXPOSE_CLIENT,Proxy 11,3,3,0,0,200
677,1783.9122912347661,EXPOSE_CLIENT,Proxy 8,3,5,0,0,200
678,1784.2267423310566,EXPOSE_CLIENT,Proxy 161,2,4,0,0,200
679,1788.586481172222,EXPOSE_CLIENT,Proxy 119,2,3,0,0,200
680,1791.1061234225047,EXPOSE_CLIENT,Proxy 77,5,3,0,0,200
681,1800.2656183714582,EXPOSE_CLIENT,Proxy 86,3,3,0,0,200
682,1801.1039555989578,EXPOSE_CLIENT,Proxy 157,3,4,0,0,200
683,1820.3294670479193,EXPOSE_CLIENT,Proxy 85,6,4,0,0,200
684,1820.880980776834,EXPOSE_CLIENT,Proxy 102,3,1,0,0,200
685,1822.0231896466685,EXPOSE_CLIENT,Proxy 139,3,5,0,0,200
686,1823.4200178160977,EXPOSE_CLIENT,Proxy 122,1,4,0,0,200
687,1824.8197315080217,EXPOSE_CLIENT,Proxy 192,3,3,0,0,200
688,1834.7652227199244,EXPOSE_CLIENT,Proxy 189,6,4,0,0,200
689,1840.6604376710438,EXPOSE_CLIENT,Proxy 141,5,3,0,0,200
690,1841.904317603813,EXPOSE_CLIENT,Proxy 23,4,3,0,0,200
691,1843.4001341840562,EXPOSE_CLIENT,Proxy 8,4,5,0,0,200
692,1843.6946438008504,EXPOSE_CLIENT,Proxy 111,6,3,0,0,200
693,1844.1816005635335,EXPOSE_CLIENT,Proxy 129,9,6,0,0,200
694,1844.9122284872658,EXPOSE_CLIENT,Proxy 115,3,6,0,0,200
695,1848.8603871804783,EXPOSE_CLIENT,Proxy 27,4,5,0,0,200
696,1851.6070038278096,EXPOSE_CLIENT,Proxy 56,8,1,0,0,200
697,1851.9685371876271,EXPOSE_CLIENT,Proxy 97,3,4,0,0,200
698,1854.8523059325353,EXPOSE_CLIENT,Proxy 48,7,6,0,0,200
699,1855.1316704212245,EXPOSE_CLIENT,Proxy 34,2,6,0,0,200
700,1857.2030553147624,EXPOSE_CLIENT,Proxy 36,4,4,0,0,200
701,1857.7522413075642,EXPOSE_CLIENT,Proxy 195,7,3,0,0,200
702,1857.787083777591,EXPOSE_CLIENT,Proxy 167,11,6,0,0,200
703,1857.9811729212327,EXPOSE_CLIENT,Proxy 135,4,7,0,0,200
704,1857.989687795424,EXPOSE_CLIENT,Proxy 164,3,5,0,0,200
705,1858.3476108343139,EXPOSE_CLIENT,Proxy 195,8,3,0,0,200
706,1859.3653094900483,EXPOSE_CLIENT,Proxy 41,7,4,0,0,200
707,1860.0812284749552,EXPOSE_CLIENT,Proxy 90,6,7,0,0,200
708,1860.5298355812185,EXPOSE_CLIENT,Proxy 71,3,5,0,0,200
709,1861.5285381483745,EXPOSE_CLIENT,Proxy 87,5,6,0,0,200
710,1862.8610555086173,EXPOSE_CLIENT,Proxy 145,0,8,0,0,200
711,1865.376040972571,EXPOSE_CLIENT,Proxy 79,4,2,0,0,200
712,1866.2625812148494,EXPOSE_CLIENT,Proxy 88,7,8,0,0,200
713,1867.2857970586067,EXPOSE_CLIENT,Proxy 37,4,3,0,0,200
714,1867.3137830818698,EXPOSE_CLIENT,Proxy 137,1,7,0,0,200
715,1867.9185167629826,EXPOSE_CLIENT,Proxy 61,5,6,0,0,200
716,1868.0093155851034,EXPOSE_CLIENT,Proxy 189,7,4,0,0,200
717,1868.5705022119832,EXPOSE_CLIENT,Proxy 32,4,9,0,0,200
718,1869.91531705711,EXPOSE_CLIENT,Proxy 108,4,7,0,0,200
719,1878.0734545345642,EXPOSE_CLIENT,Proxy 119,3,3,0,0,200
720,1881.2073786932206,EXPOSE_CLIENT,Proxy 135,5,7,0,0,200
721,1883.4966097432807,EXPOSE_CLIENT,Proxy 66,9,1,0,0,200
722,1885.8055343812755,EXPOSE_CLIENT,Proxy 151,6,3,0,0,200
723,1888.3251956512377,EXPOSE_CLIENT,Proxy 158,1,7,0,0,200
724,1896.816643739256,EXPOSE_CLIENT,Proxy 25,4,4,0,0,200
725,1898.577607159829,EXPOSE_CLIENT,Proxy 191,4,5,0,0,200
726,1900.2842721093962,EXPOSE_CLIENT,Proxy 16,3,4,0,0,200
727,1904.6364300904095,EXPOSE_CLIENT,Proxy 29,6,7,0,0,200
728,1914.1481754549113,EXPOSE_CLIENT,Proxy 109,2,3,0,0,200
729,1915.0202694486445,EXPOSE_CLIENT,Proxy 35,4,3,0,0,200
730,1917.3146746195293,EXPOSE_CLIENT,Proxy 130,4,3,0,0,200
731,1919.0831914519556,EXPOSE_CLIENT,Proxy 111,7,3,0,0,200
732,1920.8566949212468,EXPOSE_CLIENT,Proxy 147,3,4,0,0,200
733,1921.823344368445,EXPOSE_CLIENT,Proxy 0,5,2,0,0,200
734,1922.5046004614426,EXPOSE_CLIENT,Proxy 35,5,3,0,0,200
735,1923.7249195380818,EXPOSE_CLIENT,Proxy 149,6,3,0,0,200
736,1924.097570277992,EXPOSE_CLIENT,Proxy 63,3,3,0,0,200
737,1926.4522298811155,EXPOSE_CLIENT,Proxy 18,10,7,0,0,200
738,1927.4208379381362,EXPOSE_CLIENT,Proxy 61,6,6,0,0,200
739,1929.6920177006318,EXPOSE_CLIENT,Proxy 45,2,6,0,0,200
740,1930.1595769678477,EXPOSE_CLIENT,Proxy 168,7,4,0,0,200
741,1935.6064834495817,EXPOSE_CLIENT,Proxy 158,2,7,0,0,200
742,1935.729984410107,EXPOSE_CLIENT,Proxy 0,6,2,0,0,200
743,1936.8516906546529,EXPOSE_CLIENT,Proxy 99,4,4,0,0,200
744,1938.1969021293303,EXPOSE_CLIENT,Proxy 62,4,2,0,0,200
745,1940.5727554761172,EXPOSE_CLIENT,Proxy 116,1,4,0,0,200
746,1944.6061806920427,EXPOSE_CLIENT,Proxy 187,1,7,0,0,200
747,1945.364802954551,EXPOSE_CLIENT,Proxy 76,4,4,0,0,200
748,1945.4903362947948,EXPOSE_CLIENT,Proxy 47,2,6,0,0,200
749,1949.6146326977262,EXPOSE_CLIENT,Proxy 121,3,1,0,0,200
750,1953.5147332986219,EXPOSE_CLIENT,Proxy 31,4,6,0,0,200
751,1955.008527236242,EXPOSE_CLIENT,Proxy 106,2,4,0,0,200
752,1956.32966419607,EXPOSE_CLIENT,Proxy 188,7,4,0,0,200
753,1957.978498805587,EXPOSE_CLIENT,Proxy 166,6,4,0,0,200
754,1960.492890736371,EXPOSE_CLIENT,Proxy 34,3,6,0,0,200
755,1961.381415367242,EXPOSE_CLIENT,Proxy 184,6,3,0,0,200
756,1961.7637577357227,EXPOSE_CLIENT,Proxy 35,6,3,0,0,200
757,1965.4051117665467,EXPOSE_CLIENT,Proxy 199,4,4,0,0,200
758,1966.2976062217117,EXPOSE_CLIENT,Proxy 181,6,6,0,0,200
759,1969.4707589592172,EXPOSE_CLIENT,Proxy 73,8,8,0,0,200
760,1969.916193110068,EXPOSE_CLIENT,Proxy 189,8,4,0,0,200
761,1970.1980155126912,EXPOSE_CLIENT,Proxy 149,7,3,0,0,200
762,1971.3035210910587,EXPOSE_CLIENT,Proxy 20,3,8,0,0,200
763,1972.0739278728265,EXPOSE_CLIENT,Proxy 100,5,8,0,0,200
764,1975.6958177226884,EXPOSE_CLIENT,Proxy 183,2,5,0,0,200
765,1976.6522034004681,EXPOSE_CLIENT,Proxy 196,1,6,0,0,200
766,1976.8231388118716,EXPOSE_CLIENT,Proxy 111,8,3,0,0,200
767,1980.6577205744572,EXPOSE_CLIENT,Proxy 155,4,7,0,0,200
768,1982.3075082655785,EXPOSE_CLIENT,Proxy 118,1,2,0,0,200
769,1983.185640866221,EXPOSE_CLIENT,Proxy 74,4,3,0,0,200
770,1985.3590440406797,EXPOSE_CLIENT,Proxy 135,6,10,0,0,200
771,1985.7442432862945,EXPOSE_CLIENT,Proxy 127,7,2,0,0,200
772,1988.0231651007325,EXPOSE_CLIENT,Proxy 30,5,4,0,0,200
773,1988.2463926985833,EXPOSE_CLIENT,Proxy 141,6,4,0,0,200
774,1990.108408270676,EXPOSE_CLIENT,Proxy 5,4,6,0,0,200
775,1990.4384050347833,EXPOSE_CLIENT,Proxy 175,2,6,0,0,200
776,1996.9381644968012,EXPOSE_CLIENT,Proxy 185,4,6,0,0,200
777,1998.1957726264168,EXPOSE_CLIENT,Proxy 16,4,4,0,0,200
778,1998.9598833025518,EXPOSE_CLIENT,Proxy 1,3,3,0,0,200
779,2000.8718267578156,EXPOSE_CLIENT,Proxy 144,2,6,0,0,200
780,2001.228788018254,EXPOSE_CLIENT,Proxy 89,3,2,0,0,200
781,2001.6478593508562,EXPOSE_CLIENT,Proxy 1,4,3,0,0,200
782,2004.4857784368526,EXPOSE_CLIENT,Proxy 107,7,7,0,0,200
783,2010.7630347030527,EXPOSE_CLIENT,Proxy 21,7,2,0,0,200
784,2016.4433409579106,EXPOSE_CLIENT,Proxy 183,3,5,0,0,200
785,2033.2198595087425,EXPOSE_CLIENT,Proxy 157,4,5,0,0,200
786,2039.2488783742622,EXPOSE_CLIENT,Proxy 185,5,6,0,0,200
787,2041.7505996797192,EXPOSE_CLIENT,Proxy 136,6,1,0,0,200
788,2044.2132086947088,EXPOSE_CLIENT,Proxy 37,5,4,0,0,200
789,2044.7379534319184,EXPOSE_CLIENT,Proxy 106,3,5,0,0,200
790,2046.5627904572834,EXPOSE_CLIENT,Proxy 5,5,6,0,0,200
791,2046.865352624984,EXPOSE_CLIENT,Proxy 102,4,3,0,0,200
792,2047.912645583211,EXPOSE_CLIENT,Proxy 22,6,6,0,0,200
793,2048.497676605045,EXPOSE_CLIENT,Proxy 95,1,3,0,0,200
794,2055.1906463748787,EXPOSE_CLIENT,Proxy 183,4,5,0,0,200
795,2055.219598912213,EXPOSE_CLIENT,Proxy 90,7,8,0,0,200
796,2057.8968672571127,EXPOSE_CLIENT,Proxy 125,5,5,0,0,200
797,2058.6023625147845,EXPOSE_CLIENT,Proxy 29,7,7,0,0,200
798,2059.5662733479826,EXPOSE_CLIENT,Proxy 61,7,6,0,0,200
799,2061.576736893062,EXPOSE_CLIENT,Proxy 141,7,4,0,0,200
800,2063.8963837851893,EXPOSE_CLIENT,Proxy 131,1,7,0,0,200
801,2066.120348283149,EXPOSE_CLIENT,Proxy 40,8,2,0,0,200
802,2068.8837433559315,EXPOSE_CLIENT,Proxy 13,2,3,0,0,200
803,2069.0427479035425,EXPOSE_CLIENT,Proxy 25,5,4,0,0,200
804,2070.1208758618423,EXPOSE_CLIENT,Proxy 22,7,6,0,0,200
805,2070.346142707872,EXPOSE_CLIENT,Proxy 45,3,6,0,0,200
806,2071.2351938088636,EXPOSE_CLIENT,Proxy 108,5,7,0,0,200
807,2071.634337749173,EXPOSE_CLIENT,Proxy 173,5,4,0,0,200
808,2074.9709271833763,EXPOSE_CLIENT,Proxy 36,5,4,0,0,200
809,2076.7564166340603,EXPOSE_CLIENT,Proxy 140,0,5,0,0,200
810,2077.501425073861,EXPOSE_CLIENT,Proxy 33,3,5,0,0,200
811,2079.585963345604,EXPOSE_CLIENT,Proxy 139,4,5,0,0,200
812,2080.685662089015,EXPOSE_CLIENT,Proxy 96,6,1,0,0,200
813,2083.8174254404303,EXPOSE_CLIENT,Proxy 119,4,4,0,0,200
814,2098.3384058651714,EXPOSE_CLIENT,Proxy 71,4,5,0,0,200
815,2098.9010462142073,EXPOSE_CLIENT,Proxy 3,4,2,0,0,200
816,2099.838968662988,EXPOSE_CLIENT,Proxy 150,3,6,0,0,200
817,2100.316718476303,EXPOSE_CLIENT,Proxy 74,5,3,0,0,200
818,2101.4739363454064,EXPOSE_CLIENT,Proxy 105,3,8,0,0,200
819,2104.909926721771,EXPOSE_CLIENT,Proxy 68,1,3,0,0,200
820,2105.4678524908295,EXPOSE_CLIENT,Proxy 51,3,4,0,0,200
821,2109.697541372336,EXPOSE_CLIENT,Proxy 41,8,4,0,0,200
822,2111.0886950813237,EXPOSE_CLIENT,Proxy 193,7,7,0,0,200
823,2111.5042351329093,EXPOSE_CLIENT,Proxy 57,6,3,0,0,200
824,2113.185823503887,EXPOSE_CLIENT,Proxy 90,8,8,0,0,200
825,2117.491202776091,EXPOSE_CLIENT,Proxy 51,4,4,0,0,200
826,2118.9031636433087,EXPOSE_CLIENT,Proxy 47,3,6,0,0,200
827,2119.987744306284,EXPOSE_CLIENT,Proxy 98,2,3,0,0,200
828,2120.7725073170063,EXPOSE_CLIENT,Proxy 57,7,3,0,0,200
829,2122.1536751053245,EXPOSE_CLIENT,Proxy 189,9,5,0,0,200
830,2124.795279445767,EXPOSE_CLIENT,Proxy 166,7,5,0,0,200
831,2125.221905580002,EXPOSE_CLIENT,Proxy 24,5,11,0,0,200
832,2126.6645643392226,EXPOSE_CLIENT,Proxy 25,6,4,0,0,200
833,2132.0543697636817,EXPOSE_CLIENT,Proxy 197,4,9,0,0,200
834,2133.78759844415,EXPOSE_CLIENT,Proxy 91,2,5,0,0,200
835,2133.915213742923,EXPOSE_CLIENT,Proxy 124,5,6,0,0,200
836,2136.8224569694144,EXPOSE_CLIENT,Proxy 162,3,6,0,0,200
837,2137.214301169297,EXPOSE_CLIENT,Proxy 49,7,5,0,0,200
838,2137.272734476926,EXPOSE_CLIENT,Proxy 72,4,2,0,0,200
839,2137.7690658453585,EXPOSE_CLIENT,Proxy 112,6,6,0,0,200
840,2140.62956816718,EXPOSE_CLIENT,Proxy 142,5,7,0,0,200
841,2140.804682775803,EXPOSE_CLIENT,Proxy 126,3,2,0,0,200
842,2141.9170000803765,EXPOSE_CLIENT,Proxy 0,7,2,0,0,200
843,2144.6386252559896,EXPOSE_CLIENT,Proxy 6,6,6,0,0,200
844,2147.582025531251,EXPOSE_CLIENT,Proxy 155,5,7,0,0,200
845,2147.931457345242,EXPOSE_CLIENT,Proxy 108,6,7,0,0,200
846,2148.2691756498357,EXPOSE_CLIENT,Proxy 110,9,5,0,0,200
847,2148.793548146917,EXPOSE_CLIENT,Proxy 171,2,6,0,0,200
848,2152.275605425554,EXPOSE_CLIENT,Proxy 9,4,5,0,0,200
849,2152.464298223104,EXPOSE_CLIENT,Proxy 165,3,7,0,0,200
850,2158.159452051069,EXPOSE_CLIENT,Proxy 59,3,8,0,0,200
851,2158.3950970818273,EXPOSE_CLIENT,Proxy 89,4,2,0,0,200
852,2162.5409316866458,EXPOSE_CLIENT,Proxy 156,2,4,0,0,200
853,2163.6853605163105,EXPOSE_CLIENT,Proxy 144,3,6,0,0,200
854,2167.782160680608,EXPOSE_CLIENT,Proxy 111,9,5,0,0,200
855,2167.9341272765573,EXPOSE_CLIENT,Proxy 51,5,4,0,0,200
856,2172.3969253411055,EXPOSE_CLIENT,Proxy 70,5,5,0,0,200
857,2174.9043864078767,EXPOSE_CLIENT,Proxy 199,5,6,0,0,200
858,2177.3322965881553,EXPOSE_CLIENT,Proxy 15,4,8,0,0,200
859,2178.056466554476,EXPOSE_CLIENT,Proxy 63,4,4,0,0,200
860,2178.2824407992093,EXPOSE_CLIENT,Proxy 113,7,5,0,0,200
861,2181.8269172807145,EXPOSE_CLIENT,Proxy 61,8,6,0,0,200
862,2186.7406904179197,EXPOSE_CLIENT,Proxy 160,7,3,0,0,200
863,2186.941649379566,EXPOSE_CLIENT,Proxy 48,8,6,0,0,200
864,2188.2637016554954,EXPOSE_CLIENT,Proxy 173,6,5,0,0,200
865,2188.603064613036,EXPOSE_CLIENT,Proxy 39,2,4,0,0,200
866,2189.1204741711745,EXPOSE_CLIENT,Proxy 195,9,4,0,0,200
867,2195.0003766358145,EXPOSE_CLIENT,Proxy 25,7,4,0,0,200
868,2198.1378829332475,EXPOSE_CLIENT,Proxy 72,5,2,0,0,200
869,2200.8935453639297,EXPOSE_CLIENT,Proxy 97,4,4,0,0,200
870,2201.5630636033316,EXPOSE_CLIENT,Proxy 171,3,6,0,0,200
871,2201.6023525354353,EXPOSE_CLIENT,Proxy 140,1,6,0,0,200
872,2205.864657670103,EXPOSE_CLIENT,Proxy 88,8,9,0,0,200
873,2208.4498982543932,EXPOSE_CLIENT,Proxy 53,6,4,0,0,200
874,2213.7600654661865,EXPOSE_CLIENT,Proxy 34,4,6,0,0,200
875,2215.876084681928,EXPOSE_CLIENT,Proxy 28,3,5,0,0,200
876,2221.5858354254788,EXPOSE_CLIENT,Proxy 145,1,9,0,0,200
877,2229.1121654515287,EXPOSE_CLIENT,Proxy 27,5,6,0,0,200
878,2230.9994688263087,EXPOSE_CLIENT,Proxy 145,2,9,0,0,200
879,2232.5431866477375,EXPOSE_CLIENT,Proxy 97,5,4,0,0,200
880,2232.8385208648538,EXPOSE_CLIENT,Proxy 39,3,4,0,0,200
881,2235.8217281901134,EXPOSE_CLIENT,Proxy 75,5,4,0,0,200
882,2239.4400441274734,EXPOSE_CLIENT,Proxy 72,6,3,0,0,200
883,2240.2551502892675,EXPOSE_CLIENT,Proxy 105,4,9,0,0,200
884,2242.186976929258,EXPOSE_CLIENT,Proxy 120,1,2,0,0,200
885,2242.5905178020193,EXPOSE_CLIENT,Proxy 52,5,8,0,0,200
886,2245.8307332824174,EXPOSE_CLIENT,Proxy 198,4,7,0,0,200
887,2246.1547654322567,EXPOSE_CLIENT,Proxy 167,12,8,0,0,200
888,2248.055060460241,EXPOSE_CLIENT,Proxy 183,5,5,0,0,200
889,2249.9096856657543,EXPOSE_CLIENT,Proxy 23,5,4,0,0,200
890,2250.445061048158,EXPOSE_CLIENT,Proxy 77,6,3,0,0,200
891,2253.059482316673,EXPOSE_CLIENT,Proxy 98,3,4,0,0,200
892,2253.7896295789014,EXPOSE_CLIENT,Proxy 160,8,4,0,0,200
893,2254.4337374528973,EXPOSE_CLIENT,Proxy 1,5,3,0,0,200
894,2256.362778560138,EXPOSE_CLIENT,Proxy 180,6,2,0,0,200
895,2257.588964561636,EXPOSE_CLIENT,Proxy 38,5,1,0,0,200
896,2260.8139864522013,EXPOSE_CLIENT,Proxy 151,7,3,0,0,200
897,2261.0690065761873,EXPOSE_CLIENT,Proxy 46,2,4,0,0,200
898,2262.0917763189564,EXPOSE_CLIENT,Proxy 157,5,5,0,0,200
899,2262.132961173581,EXPOSE_CLIENT,Proxy 58,6,1,0,0,200
900,2263.2294818328505,EXPOSE_CLIENT,Proxy 136,7,1,0,0,200
901,2264.2492448287653,EXPOSE_CLIENT,Proxy 154,5,4,0,0,200
902,2270.434000329569,EXPOSE_CLIENT,Proxy 181,7,7,0,0,200
903,2272.740808218459,EXPOSE_CLIENT,Proxy 156,3,4,0,0,200
904,2272.8182943811507,EXPOSE_CLIENT,Proxy 165,4,7,0,0,200
905,2274.2766117983006,EXPOSE_CLIENT,Proxy 25,8,4,0,0,200
906,2275.4827678052834,EXPOSE_CLIENT,Proxy 152,5,1,0,0,200
907,2276.201486003993,EXPOSE_CLIENT,Proxy 128,3,7,0,0,200
908,2278.027147743833,EXPOSE_CLIENT,Proxy 102,5,3,0,0,200
909,2282.71586705725,EXPOSE_CLIENT,Proxy 68,2,3,0,0,200
910,2283.900528142914,EXPOSE_CLIENT,Proxy 38,6,1,0,0,200
911,2289.356895617628,EXPOSE_CLIENT,Proxy 73,9,8,0,0,200
912,2289.8832406871034,EXPOSE_CLIENT,Proxy 57,8,3,0,0,200
913,2291.2571961307144,EXPOSE_CLIENT,Proxy 74,6,4,0,0,200
914,2293.50976489047,EXPOSE_CLIENT,Proxy 145,3,9,0,0,200
915,2293.52185277961,EXPOSE_CLIENT,Proxy 41,9,5,0,0,200
916,2295.6778058538243,EXPOSE_CLIENT,Proxy 30,6,5,0,0,200
917,2297.225939117193,EXPOSE_CLIENT,Proxy 96,7,2,0,0,200
918,2297.862865673465,EXPOSE_CLIENT,Proxy 144,4,7,0,0,200
919,2299.171943324494,EXPOSE_CLIENT,Proxy 32,5,13,0,0,200
920,2299.359152022764,EXPOSE_CLIENT,Proxy 69,6,7,0,0,200
921,2299.570561291872,EXPOSE_CLIENT,Proxy 190,5,7,0,0,200
922,2301.492087070821,EXPOSE_CLIENT,Proxy 57,9,3,0,0,200
923,2302.370734996339,EXPOSE_CLIENT,Proxy 18,11,8,0,0,200
924,2303.3780251771273,EXPOSE_CLIENT,Proxy 115,4,8,0,0,200
925,2304.3690936783755,EXPOSE_CLIENT,Proxy 165,5,7,0,0,200
926,2304.4444953256475,EXPOSE_CLIENT,Proxy 130,5,5,0,0,200
927,2305.1608221867104,EXPOSE_CLIENT,Proxy 156,4,4,0,0,200
928,2305.2808081157364,EXPOSE_CLIENT,Proxy 108,7,7,0,0,200
929,2305.5634758768406,EXPOSE_CLIENT,Proxy 26,3,6,0,0,200
930,2307.2278782973426,EXPOSE_CLIENT,Proxy 195,10,5,0,0,200
931,2310.264866056194,EXPOSE_CLIENT,Proxy 181,8,7,0,0,200
932,2311.2400147479834,EXPOSE_CLIENT,Proxy 170,3,7,0,0,200
933,2320.459648493459,EXPOSE_CLIENT,Proxy 42,1,5,0,0,200
934,2321.2584429568847,EXPOSE_CLIENT,Proxy 189,10,5,0,0,200
935,2324.5840350530284,EXPOSE_CLIENT,Proxy 177,6,5,0,0,200
936,2327.722573056603,EXPOSE_CLIENT,Proxy 134,6,8,0,0,200
937,2329.4127402956506,EXPOSE_CLIENT,Proxy 84,5,4,0,0,200
938,2329.6051509002286,EXPOSE_CLIENT,Proxy 41,10,5,0,0,200
939,2333.071634635353,EXPOSE_CLIENT,Proxy 147,4,4,0,0,200
940,2337.3621156282975,EXPOSE_CLIENT,Proxy 143,8,13,0,0,200
941,2338.53457361582,EXPOSE_CLIENT,Proxy 166,8,6,0,0,200
942,2338.9835710946872,EXPOSE_CLIENT,Proxy 114,5,2,0,0,200
943,2341.361588013115,EXPOSE_CLIENT,Proxy 32,6,13,0,0,200
944,2344.6061775361627,EXPOSE_CLIENT,Proxy 46,3,5,0,0,200
945,2345.671646887163,EXPOSE_CLIENT,Proxy 80,4,8,0,0,200
946,2346.651697122389,EXPOSE_CLIENT,Proxy 159,5,6,0,0,200
947,2349.2667736570734,EXPOSE_CLIENT,Proxy 185,6,7,0,0,200
948,2350.139954883649,EXPOSE_CLIENT,Proxy 89,5,4,0,0,200
949,2351.1487974412344,EXPOSE_CLIENT,Proxy 49,8,6,0,0,200
950,2354.649846706637,EXPOSE_CLIENT,Proxy 154,6,4,0,0,200
951,2359.1963524621387,EXPOSE_CLIENT,Proxy 22,8,7,0,0,200
952,2359.4356519668804,EXPOSE_CLIENT,Proxy 4,5,5,0,0,200
953,2359.6232703566548,EXPOSE_CLIENT,Proxy 126,4,2,0,0,200
954,2362.444685834365,EXPOSE_CLIENT,Proxy 61,9,6,0,0,200
955,2365.0776403663826,EXPOSE_CLIENT,Proxy 167,13,8,0,0,200
956,2367.9525119698205,EXPOSE_CLIENT,Proxy 191,5,7,0,0,200
957,2371.0800109287215,EXPOSE_CLIENT,Proxy 150,4,6,0,0,200
958,2378.7535526024167,EXPOSE_CLIENT,Proxy 43,1,9,0,0,200
959,2381.5740320799705,EXPOSE_CLIENT,Proxy 132,3,8,0,0,200
960,2383.9179323552903,EXPOSE_CLIENT,Proxy 94,5,6,0,0,200
961,2386.2789825924715,EXPOSE_CLIENT,Proxy 142,6,8,0,0,200
962,2386.2809483613305,EXPOSE_CLIENT,Proxy 168,8,6,0,0,200
963,2386.500321103741,EXPOSE_CLIENT,Proxy 122,2,6,0,0,200
964,2387.250674510609,EXPOSE_CLIENT,Proxy 128,4,8,0,0,200
965,2388.9168778829576,EXPOSE_CLIENT,Proxy 191,6,7,0,0,200
966,2390.301882216375,EXPOSE_CLIENT,Proxy 103,6,10,0,0,200
967,2397.0168119062005,EXPOSE_CLIENT,Proxy 131,2,8,0,0,200
968,2398.2216453261412,EXPOSE_CLIENT,Proxy 146,6,6,0,0,200
969,2400.203442511761,EXPOSE_CLIENT,Proxy 52,6,8,0,0,200
970,2400.8383765368967,EXPOSE_CLIENT,Proxy 29,8,7,0,0,200
971,2402.1321853233026,EXPOSE_CLIENT,Proxy 154,7,4,0,0,200
972,2404.169473780814,EXPOSE_CLIENT,Proxy 40,9,3,0,0,200
973,2411.343396776797,EXPOSE_CLIENT,Proxy 97,6,5,0,0,200
974,2411.4666334740177,EXPOSE_CLIENT,Proxy 167,14,8,0,0,200
975,2414.282602960133,EXPOSE_CLIENT,Proxy 72,7,3,0,0,200
976,2414.68017085611,EXPOSE_CLIENT,Proxy 135,7,10,0,0,200
977,2419.664239398756,EXPOSE_CLIENT,Proxy 2,2,6,0,0,200
978,2419.8495408596536,EXPOSE_CLIENT,Proxy 191,7,7,0,0,200
979,2420.6751290128823,EXPOSE_CLIENT,Proxy 64,8,9,0,0,200
980,2424.643433740692,EXPOSE_CLIENT,Proxy 107,8,7,0,0,200
981,2426.5372983756133,EXPOSE_CLIENT,Proxy 128,5,8,0,0,200
982,2426.97801247572,EXPOSE_CLIENT,Proxy 132,4,8,0,0,200
983,2427.0242666305267,EXPOSE_CLIENT,Proxy 191,8,7,0,0,200
984,2431.052465114015,EXPOSE_CLIENT,Proxy 61,10,6,0,0,200
985,2432.3631875712194,EXPOSE_CLIENT,Proxy 139,5,6,0,0,200
986,2432.74695465291,EXPOSE_CLIENT,Proxy 61,11,6,0,0,200
987,2436.614280834883,EXPOSE_CLIENT,Proxy 100,6,8,0,0,200
988,2437.7095811453255,EXPOSE_CLIENT,Proxy 75,6,4,0,0,200
989,2440.5192221869243,EXPOSE_CLIENT,Proxy 46,4,6,0,0,200
990,2441.122619071002,EXPOSE_CLIENT,Proxy 189,11,6,0,0,200
991,2443.172558498651,EXPOSE_CLIENT,Proxy 190,6,7,0,0,200
992,2445.347101505301,EXPOSE_CLIENT,Proxy 162,4,7,0,0,200
993,2445.5031809548077,EXPOSE_CLIENT,Proxy 141,8,4,0,0,200
994,2446.5034581346167,EXPOSE_CLIENT,Proxy 113,8,5,0,0,200
995,2446.61376785087,EXPOSE_CLIENT,Proxy 111,10,6,0,0,200
996,2447.961203477038,EXPOSE_CLIENT,Proxy 61,12,6,0,0,200
997,2454.6448142675276,EXPOSE_CLIENT,Proxy 36,6,4,0,0,200
998,2457.6046667795586,EXPOSE_CLIENT,Proxy 47,4,7,0,0,200
999,2460.749587344746,EXPOSE_CLIENT,Proxy 73,10,8,0,0,200
1000,2461.321100345548,EXPOSE_CLIENT,Proxy 120,2,3,0,0,200
1001,2462.4569732424857,EXPOSE_CLIENT,Proxy 81,5,4,0,0,200
1002,2463.3749371975887,EXPOSE_CLIENT,Proxy 31,5,9,0,0,200
1003,2463.885732253131,EXPOSE_CLIENT,Proxy 112,7,6,0,0,200
1004,2464.4312266140955,EXPOSE_CLIENT,Proxy 7,5,4,0,0,200
1005,2466.3316362676183,EXPOSE_CLIENT,Proxy 19,2,11,0,0,200
1006,2467.8294311493323,EXPOSE_CLIENT,Proxy 153,11,10,0,0,200
1007,2467.8800682338406,EXPOSE_CLIENT,Proxy 54,4,7,0,0,200
1008,2469.445965174896,EXPOSE_CLIENT,Proxy 91,3,5,0,0,200
1009,2474.5570807925415,EXPOSE_CLIENT,Proxy 57,10,4,0,0,200
1010,2476.165045714421,EXPOSE_CLIENT,Proxy 72,8,3,0,0,200
1011,2476.597025098,EXPOSE_CLIENT,Proxy 106,4,6,0,0,200
1012,2476.696707661006,EXPOSE_CLIENT,Proxy 172,4,9,0,0,200
1013,2477.9346957867865,EXPOSE_CLIENT,Proxy 55,3,3,0,0,200
1014,2482.0694110002764,EXPOSE_CLIENT,Proxy 71,5,6,0,0,200
1015,2484.042808431644,EXPOSE_CLIENT,Proxy 15,5,8,0,0,200
1016,2484.5974392117146,EXPOSE_CLIENT,Proxy 142,7,8,0,0,200
1017,2488.126817145293,EXPOSE_CLIENT,Proxy 162,5,7,0,0,200
1018,2495.4503381576883,EXPOSE_CLIENT,Proxy 17,4,5,0,0,200
1019,2495.842913375957,EXPOSE_CLIENT,Proxy 35,7,6,0,0,200
1020,2499.568335864364,EXPOSE_CLIENT,Proxy 34,5,7,0,0,200
1021,2500.636495291161,EXPOSE_CLIENT,Proxy 74,7,4,0,0,200
1022,2501.3014466901027,EXPOSE_CLIENT,Proxy 70,6,5,0,0,200
1023,2502.120769665697,EXPOSE_CLIENT,Proxy 93,1,8,0,0,200
1024,2509.05441441157,EXPOSE_CLIENT,Proxy 103,7,10,0,0,200
1025,2515.2975250075647,EXPOSE_CLIENT,Proxy 16,5,5,0,0,200
1026,2516.1559019534434,EXPOSE_CLIENT,Proxy 55,4,3,0,0,200
1027,2517.4670524645803,EXPOSE_CLIENT,Proxy 88,9,11,0,0,200
1028,2524.215047719834,EXPOSE_CLIENT,Proxy 95,2,3,0,0,200
1029,2524.6012314848394,EXPOSE_CLIENT,Proxy 176,7,5,0,0,200
1030,2528.957929447864,EXPOSE_CLIENT,Proxy 109,3,6,0,0,200
1031,2530.432822132305,EXPOSE_CLIENT,Proxy 56,9,4,0,0,200
1032,2531.583060283264,EXPOSE_CLIENT,Proxy 115,5,8,0,0,200
1033,2536.064860524017,EXPOSE_CLIENT,Proxy 195,11,6,0,0,200
1034,2536.872255367062,EXPOSE_CLIENT,Proxy 154,8,5,0,0,200
1035,2539.6434471868083,EXPOSE_CLIENT,Proxy 144,5,7,0,0,200
1036,2540.816835045853,EXPOSE_CLIENT,Proxy 94,6,6,0,0,200
1037,2541.1716205923826,EXPOSE_CLIENT,Proxy 57,11,4,0,0,200
1038,2541.373461399458,EXPOSE_CLIENT,Proxy 91,4,5,0,0,200
1039,2543.411924355635,EXPOSE_CLIENT,Proxy 29,9,8,0,0,200
1040,2543.806620724869,EXPOSE_CLIENT,Proxy 138,6,6,0,0,200
1041,2544.0083451445844,EXPOSE_CLIENT,Proxy 0,8,3,0,0,200
1042,2544.615256394419,EXPOSE_CLIENT,Proxy 171,4,7,0,0,200
1043,2546.2414145084144,EXPOSE_CLIENT,Proxy 121,4,4,0,0,200
1044,2547.036916568486,EXPOSE_CLIENT,Proxy 31,6,9,0,0,200
1045,2547.497071603253,EXPOSE_CLIENT,Proxy 30,7,6,0,0,200
1046,2548.061375996601,EXPOSE_CLIENT,Proxy 142,8,8,0,0,200
1047,2549.89054813945,EXPOSE_CLIENT,Proxy 146,7,7,0,0,200
1048,2550.141858746213,EXPOSE_CLIENT,Proxy 40,10,3,0,0,200
1049,2556.7591993424553,EXPOSE_CLIENT,Proxy 197,5,9,0,0,200
1050,2556.938820254781,EXPOSE_CLIENT,Proxy 41,11,5,0,0,200
1051,2557.517842787614,EXPOSE_CLIENT,Proxy 9,5,6,0,0,200
1052,2557.5749606377594,EXPOSE_CLIENT,Proxy 128,6,9,0,0,200
1053,2560.774828229563,EXPOSE_CLIENT,Proxy 6,7,8,0,0,200
1054,2563.16408193187,EXPOSE_CLIENT,Proxy 63,5,5,0,0,200
1055,2563.316083909996,EXPOSE_CLIENT,Proxy 127,8,4,0,0,200
1056,2564.8179477521485,EXPOSE_CLIENT,Proxy 97,7,5,0,0,200
1057,2569.561461735304,EXPOSE_CLIENT,Proxy 37,6,5,0,0,200
1058,2571.332500453141,EXPOSE_CLIENT,Proxy 149,8,4,0,0,200
1059,2574.529120387222,EXPOSE_CLIENT,Proxy 176,8,5,0,0,200
1060,2574.544554244703,EXPOSE_CLIENT,Proxy 114,6,2,0,0,200
1061,2574.8438272784315,EXPOSE_CLIENT,Proxy 188,8,6,0,0,200
1062,2575.4876666253,EXPOSE_CLIENT,Proxy 118,2,4,0,0,200
1063,2579.167987817623,EXPOSE_CLIENT,Proxy 148,8,4,0,0,200
1064,2579.538597526228,EXPOSE_CLIENT,Proxy 30,8,6,0,0,200
1065,2582.7384029098976,EXPOSE_CLIENT,Proxy 199,6,8,0,0,200
1066,2586.413579333838,EXPOSE_CLIENT,Proxy 77,7,4,0,0,200
1067,2587.0452368798187,EXPOSE_CLIENT,Proxy 43,2,9,0,0,200
1068,2588.0101748976595,EXPOSE_CLIENT,Proxy 167,15,8,0,0,200
1069,2589.608966952443,EXPOSE_CLIENT,Proxy 170,4,8,0,0,200
1070,2594.704600346257,EXPOSE_CLIENT,Proxy 138,7,6,0,0,200
1071,2595.319315299377,EXPOSE_CLIENT,Proxy 21,8,3,0,0,200
1072,2595.652393834969,EXPOSE_CLIENT,Proxy 79,5,2,0,0,200
1073,2599.340527969876,EXPOSE_CLIENT,Proxy 159,6,7,0,0,200
1074,2524.0,CENSOR_TRACK,,1258,1266,0,200,0
1075,4.572609199807341,ENUMERATE_PROXY,Proxy 83,0,0,0,0,1
1076,7.99322254206878,ENUMERATE_PROXY,Proxy 117,0,0,0,0,2
1077,11.938477201893543,ENUMERATE_PROXY,Proxy 52,0,0,0,0,3
1078,13.03703388370624,ENUMERATE_PROXY,Proxy 198,0,0,0,0,4
1079,16.443998887792787,ENUMERATE_PROXY,Proxy 112,0,0,0,0,5
1080,19.642786275548428,ENUMERATE_PROXY,Proxy 172,0,0,0,0,6
1081,25.15244249374893,ENUMERATE_PROXY,Proxy 137,0,0,0,0,7
1082,29.929348418317886,ENUMERATE_PROXY,Proxy 103,0,0,0,0,8
1083,34.17695613114374,MISS_ENUMERATE_PROXY,Proxy 52,1,1,0,0,8
1084,44.77739622885042,ENUMERATE_PROXY,Proxy 46,0,0,0,0,9
1085,47.874586941331195,ENUMERATE_PROXY,Proxy 196,0,0,0,0,10
1086,49.54532605344819,ENUMERATE_PROXY,Proxy 174,0,0,0,0,11
1087,49.992607057723774,MISS_ENUMERATE_PROXY,Proxy 83,0,1,0,0,11
1088,50.84382211455661,ENUMERATE_PROXY,Proxy 164,0,0,0,0,12
1089,52.94764103557223,ENUMERATE_PROXY,Proxy 143,1,0,0,0,13
1090,53.66359320707176,ENUMERATE_PROXY,Proxy 171,0,0,0,0,14
1091,55.11778441327687,ENUMERATE_PROXY,Proxy 155,0,0,0,0,15
1092,55.36518460180722,ENUMERATE_PROXY,Proxy 49,1,0,0,0,16
1093,58.2791979266861,ENUMERATE_PROXY,Proxy 76,0,0,0,0,17
1094,62.97965868667816,ENUMERATE_PROXY,Proxy 60,0,0,0,0,18
1095,65.96978622471991,ENUMERATE_PROXY,Proxy 106,0,0,0,0,19
1096,67.7105857352324,ENUMERATE_PROXY,Proxy 26,0,0,0,0,20
1097,68.06876035109752,ENUMERATE_PROXY,Proxy 193,1,0,0,0,21
1098,69.3705131229946,ENUMERATE_PROXY,Proxy 10,0,0,0,0,22
1099,72.40186073020487,MISS_ENUMERATE_PROXY,Proxy 174,0,1,0,0,22
1100,73.18007421318364,ENUMERATE_PROXY,Proxy 124,0,0,0,0,23
1101,75.48571320571243,ENUMERATE_PROXY,Proxy 67,0,0,0,0,24
1102,78.15362647588337,ENUMERATE_PROXY,Proxy 187,0,0,0,0,25
1103,79.64515311717714,ENUMERATE_PROXY,Proxy 99,0,0,0,0,26
1104,82.62563749257109,ENUMERATE_PROXY,Proxy 107,0,0,0,0,27
1105,83.3047785555692,MISS_ENUMERATE_PROXY,Proxy 67,0,1,0,0,27
1106,84.52280879140442,MISS_ENUMERATE_PROXY,Proxy 103,0,1,0,0,27
1107,88.24901182308288,ENUMERATE_PROXY,Proxy 176,0,0,0,0,28
1108,89.77680589421821,ENUMERATE_PROXY,Proxy 160,0,0,0,0,29
1109,92.91023489289752,ENUMERATE_PROXY,Proxy 135,1,0,0,0,30
1110,93.01383991974946,ENUMERATE_PROXY,Proxy 108,1,0,0,0,31
1111,97.2090525770639,ENUMERATE_PROXY,Proxy 45,0,0,0,0,32
1112,101.18780874152029,ENUMERATE_PROXY,Proxy 71,0,0,0,0,33
1113,101.92935413260558,ENUMERATE_PROXY,Proxy 115,0,0,0,0,34
1114,103.2318597351441,ENUMERATE_PROXY,Proxy 88,0,0,0,0,35
1115,106.68276372370644,ENUMERATE_PROXY,Proxy 35,1,0,0,0,36
1116,109.24130002637973,ENUMERATE_PROXY,Proxy 150,0,0,0,0,37
1117,112.27241201703096,MISS_ENUMERATE_PROXY,Proxy 124,0,1,0,0,37
1118,115.10974193214622,ENUMERATE_PROXY,Proxy 139,0,0,0,0,38
1119,115.66956050188244,ENUMERATE_PROXY,Proxy 149,0,0,0,0,39
1120,120.97859630627615,ENUMERATE_PROXY,Proxy 144,1,0,0,0,40
1121,121.2851066804883,ENUMERATE_PROXY,Proxy 151,1,0,0,0,41
1122,121.81344035114628,MISS_ENUMERATE_PROXY,Proxy 187,0,1,0,0,41
1123,125.14353618772316,ENUMERATE_PROXY,Proxy 169,0,0,0,0,42
1124,125.59195188454045,ENUMERATE_PROXY,Proxy 93,0,0,0,0,43
1125,126.7910078941504,ENUMERATE_PROXY,Proxy 9,0,0,0,0,44
1126,128.25399299408727,ENUMERATE_PROXY,Proxy 54,0,0,0,0,45
1127,128.57033339130987,ENUMERATE_PROXY,Proxy 122,0,0,0,0,46
1128,129.5402427740447,MISS_ENUMERATE_PROXY,Proxy 143,1,1,0,0,46
1129,129.98817131550882,ENUMERATE_PROXY,Proxy 32,0,0,0,0,47
1130,131.36233530561796,ENUMERATE_PROXY,Proxy 91,1,0,0,0,48
1131,131.37407246035522,ENUMERATE_PROXY,Proxy 0,1,0,0,0,49
1132,134.93370463736062,ENUMERATE_PROXY,Proxy 98,0,0,0,0,50
1133,137.36821149552586,MISS_ENUMERATE_PROXY,Proxy 137,0,1,0,0,50
1134,144.35541528097662,MISS_ENUMERATE_PROXY,Proxy 103,0,2,0,0,50
1135,144.45063088294822,ENUMERATE_PROXY,Proxy 69,0,0,0,0,51
1136,144.72434167080257,ENUMERATE_PROXY,Proxy 53,1,0,0,0,52
1137,144.91705242006157,ENUMERATE_PROXY,Proxy 47,0,0,0,0,53
1138,146.24916562071172,MISS_ENUMERATE_PROXY,Proxy 139,0,1,0,0,53
1139,147.92955919774226,MISS_ENUMERATE_PROXY,Proxy 172,0,1,0,0,53
1140,148.14155195094423,ENUMERATE_PROXY,Proxy 178,0,0,0,0,54
1141,149.10704938956974,ENUMERATE_PROXY,Proxy 190,0,0,0,0,55
1142,149.13343184629193,ENUMERATE_PROXY,Proxy 134,1,0,0,0,56
1143,150.41940038093222,ENUMERATE_PROXY,Proxy 161,0,0,0,0,57
1144,150.89314597151855,MISS_ENUMERATE_PROXY,Proxy 172,0,2,0,0,57
1145,150.94029656426065,ENUMERATE_PROXY,Proxy 29,0,0,0,0,58
1146,152.09703227015427,ENUMERATE_PROXY,Proxy 131,0,0,0,0,59
1147,153.05210743232843,MISS_ENUMERATE_PROXY,Proxy 32,0,1,0,0,59
1148,153.68868046805684,MISS_ENUMERATE_PROXY,Proxy 107,2,1,0,0,59
1149,155.25237995560354,ENUMERATE_PROXY,Proxy 153,2,0,0,0,60
1150,156.3219701019144,ENUMERATE_PROXY,Proxy 74,0,0,0,0,61
1151,156.83786514058124,MISS_ENUMERATE_PROXY,Proxy 46,0,1,0,0,61
1152,157.60856559024364,MISS_ENUMERATE_PROXY,Proxy 99,0,1,0,0,61
1153,160.08486904952758,ENUMERATE_PROXY,Proxy 77,0,0,0,0,62
1154,161.51719621550194,ENUMERATE_PROXY,Proxy 128,0,0,0,0,63
1155,161.78426410687226,ENUMERATE_PROXY,Proxy 138,0,0,0,0,64
1156,162.74390175001756,MISS_ENUMERATE_PROXY,Proxy 29,0,1,0,0,64
1157,163.70723194432645,ENUMERATE_PROXY,Proxy 183,0,0,0,0,65
1158,164.12425075256277,ENUMERATE_PROXY,Proxy 30,1,0,0,0,66
1159,164.7176267850871,ENUMERATE_PROXY,Proxy 1,0,0,0,0,67
1160,164.93032926083194,ENUMERATE_PROXY,Proxy 191,1,0,0,0,68
1161,165.55060747460686,ENUMERATE_PROXY,Proxy 156,0,0,0,0,69
1162,167.24351471504622,MISS_ENUMERATE_PROXY,Proxy 98,0,1,0,0,69
1163,167.4208651059468,ENUMERATE_PROXY,Proxy 141,0,0,0,0,70
1164,169.70665877392716,ENUMERATE_PROXY,Proxy 130,0,0,0,0,71
1165,172.23931166231395,ENUMERATE_PROXY,Proxy 22,1,0,0,0,72
1166,173.76881399253134,ENUMERATE_PROXY,Proxy 70,0,0,0,0,73
1167,174.24909438654794,ENUMERATE_PROXY,Proxy 57,1,0,0,0,74
1168,174.7839332895717,MISS_ENUMERATE_PROXY,Proxy 191,1,1,0,0,74
1169,175.19255549843572,MISS_ENUMERATE_PROXY,Proxy 117,0,1,0,0,74
1170,180.49594035892625,ENUMERATE_PROXY,Proxy 6,0,0,0,0,75
1171,180.67721124040233,MISS_ENUMERATE_PROXY,Proxy 171,1,1,0,0,75
1172,181.5907079605337,ENUMERATE_PROXY,Proxy 182,0,0,0,0,76
1173,181.88177295179918,ENUMERATE_PROXY,Proxy 126,0,0,0,0,77
1174,182.67866386738908,ENUMERATE_PROXY,Proxy 157,1,0,0,0,78
1175,184.34960540661353,MISS_ENUMERATE_PROXY,Proxy 174,0,2,0,0,78
1176,184.64529470346912,ENUMERATE_PROXY,Proxy 92,1,0,0,0,79
1177,185.1899298809028,MISS_ENUMERATE_PROXY,Proxy 91,1,1,0,0,79
1178,186.88284964021193,MISS_ENUMERATE_PROXY,Proxy 74,0,1,0,0,79
1179,187.2269739994659,ENUMERATE_PROXY,Proxy 186,1,0,0,0,80
1180,187.33189649817442,ENUMERATE_PROXY,Proxy 165,0,0,0,0,81
1181,187.48872340014879,ENUMERATE_PROXY,Proxy 197,0,0,0,0,82
1182,187.95819392885278,ENUMERATE_PROXY,Proxy 31,1,0,0,0,83
1183,188.20112520422688,MISS_ENUMERATE_PROXY,Proxy 32,0,2,0,0,83
1184,193.71317950490493,ENUMERATE_PROXY,Proxy 125,0,0,0,0,84
1185,194.38511994238712,ENUMERATE_PROXY,Proxy 13,0,0,0,0,85
1186,195.19550978836742,ENUMERATE_PROXY,Proxy 20,0,0,0,0,86
1187,195.9878441983532,ENUMERATE_PROXY,Proxy 7,0,0,0,0,87
1188,197.7610557287508,ENUMERATE_PROXY,Proxy 175,0,0,0,0,88
1189,199.17808342692496,MISS_ENUMERATE_PROXY,Proxy 117,0,2,0,0,88
1190,200.89387766449195,MISS_ENUMERATE_PROXY,Proxy 139,0,2,0,0,88
1191,209.35028114403718,ENUMERATE_PROXY,Proxy 111,1,0,0,0,89
1192,211.06204262250273,ENUMERATE_PROXY,Proxy 14,0,0,0,0,90
1193,211.11984215988568,ENUMERATE_PROXY,Proxy 59,2,0,0,0,91
1194,214.99641106521844,ENUMERATE_PROXY,Proxy 166,0,0,0,0,92
1195,218.40843335832787,MISS_ENUMERATE_PROXY,Proxy 156,0,1,0,0,92
1196,220.85160376542004,MISS_ENUMERATE_PROXY,Proxy 103,0,3,0,0,92
1197,221.25856772382332,ENUMERATE_PROXY,Proxy 82,0,0,0,0,93
1198,225.44300665743017,ENUMERATE_PROXY,Proxy 40,0,0,0,0,94
1199,225.99292897148683,MISS_ENUMERATE_PROXY,Proxy 83,0,2,0,0,94
1200,227.8451517973525,MISS_ENUMERATE_PROXY,Proxy 30,1,1,0,0,94
1201,228.466977726979,MISS_ENUMERATE_PROXY,Proxy 57,1,1,0,0,94
1202,232.12043422002594,MISS_ENUMERATE_PROXY,Proxy 186,1,1,0,0,94
1203,232.42352385784108,MISS_ENUMERATE_PROXY,Proxy 174,0,3,0,0,94
1204,237.2257020965032,ENUMERATE_PROXY,Proxy 72,2,0,0,0,95
1205,239.8978234140897,ENUMERATE_PROXY,Proxy 129,1,0,0,0,96
1206,240.06926164866732,MISS_ENUMERATE_PROXY,Proxy 157,1,1,0,0,96
1207,241.24005708505436,MISS_ENUMERATE_PROXY,Proxy 52,3,2,0,0,96
1208,244.6722482011781,ENUMERATE_PROXY,Proxy 44,1,0,0,0,97
1209,244.69444299999472,MISS_ENUMERATE_PROXY,Proxy 112,0,1,0,0,97
1210,246.40436115179222,MISS_ENUMERATE_PROXY,Proxy 6,0,1,0,0,97
1211,247.31237176217167,MISS_ENUMERATE_PROXY,Proxy 198,0,1,0,0,97
1212,247.83062962383747,MISS_ENUMERATE_PROXY,Proxy 22,1,1,0,0,97
1213,248.3748670454168,ENUMERATE_PROXY,Proxy 18,1,0,0,0,98
1214,250.01112007400047,MISS_ENUMERATE_PROXY,Proxy 108,1,1,0,0,98
1215,250.70506305745366,MISS_ENUMERATE_PROXY,Proxy 183,0,1,0,0,98
1216,251.8538788000185,MISS_ENUMERATE_PROXY,Proxy 7,0,1,0,0,98
1217,252.98562048855956,MISS_ENUMERATE_PROXY,Proxy 52,3,3,0,0,98
1218,261.6464482403367,MISS_ENUMERATE_PROXY,Proxy 88,2,1,0,0,98
1219,265.1766506084694,MISS_ENUMERATE_PROXY,Proxy 143,1,2,0,0,98
1220,268.53919160882083,ENUMERATE_PROXY,Proxy 24,1,0,0,0,99
1221,269.44111676881244,MISS_ENUMERATE_PROXY,Proxy 107,3,2,0,0,99
1222,271.4419022652077,ENUMERATE_PROXY,Proxy 16,0,0,0,0,100
1223,272.5502151538327,MISS_ENUMERATE_PROXY,Proxy 125,0,1,0,0,100
1224,273.15233090524697,ENUMERATE_PROXY,Proxy 17,1,0,0,0,101
1225,277.09158732231924,ENUMERATE_PROXY,Proxy 38,2,0,0,0,102
1226,277.09989783470553,MISS_ENUMERATE_PROXY,Proxy 139,1,3,0,0,102
1227,279.2623873282589,MISS_ENUMERATE_PROXY,Proxy 143,1,3,0,0,102
1228,280.03331243779405,MISS_ENUMERATE_PROXY,Proxy 54,0,1,0,0,102
1229,285.06348148141683,ENUMERATE_PROXY,Proxy 179,3,0,0,0,103
1230,286.3027138730939,MISS_ENUMERATE_PROXY,Proxy 144,1,1,0,0,103
1231,287.54549151230384,ENUMERATE_PROXY,Proxy 84,1,0,0,0,104
1232,289.6597292021889,MISS_ENUMERATE_PROXY,Proxy 83,0,3,0,0,104
1233,289.74017520190966,MISS_ENUMERATE_PROXY,Proxy 171,1,2,0,0,104
1234,290.13322169945997,MISS_ENUMERATE_PROXY,Proxy 186,1,2,0,0,104
1235,294.2387672025781,MISS_ENUMERATE_PROXY,Proxy 59,2,1,0,0,104
1236,294.50556710310434,MISS_ENUMERATE_PROXY,Proxy 138,0,1,0,0,104
1237,299.17599941271817,MISS_ENUMERATE_PROXY,Proxy 24,1,1,0,0,104
1238,300.100800815809,ENUMERATE_PROXY,Proxy 51,0,0,0,0,105
1239,302.7089533205019,ENUMERATE_PROXY,Proxy 192,1,0,0,0,106
1240,304.2094828570706,ENUMERATE_PROXY,Proxy 95,0,0,0,0,107
1241,304.55769757753916,ENUMERATE_PROXY,Proxy 4,2,0,0,0,108
1242,309.58102036734556,MISS_ENUMERATE_PROXY,Proxy 44,1,1,0,0,108
1243,310.40337224614194,ENUMERATE_PROXY,Proxy 78,1,0,0,0,109
1244,310.5897335523509,ENUMERATE_PROXY,Proxy 140,0,0,0,0,110
1245,313.446377332766,MISS_ENUMERATE_PROXY,Proxy 155,0,1,0,0,110
1246,316.10363236278994,MISS_ENUMERATE_PROXY,Proxy 26,0,1,0,0,110
1247,317.9582505300964,ENUMERATE_PROXY,Proxy 2,1,0,0,0,111
1248,322.5985590540517,ENUMERATE_PROXY,Proxy 168,1,0,0,0,112
1249,322.7278055285223,MISS_ENUMERATE_PROXY,Proxy 69,0,1,0,0,112
1250,323.6678755080813,MISS_ENUMERATE_PROXY,Proxy 93,0,1,0,0,112
1251,323.992371549845,MISS_ENUMERATE_PROXY,Proxy 16,0,1,0,0,112
1252,325.9915149000325,MISS_ENUMERATE_PROXY,Proxy 191,1,2,0,0,112
1253,326.210419806036,MISS_ENUMERATE_PROXY,Proxy 47,0,1,0,0,112
1254,330.29251640984205,ENUMERATE_PROXY,Proxy 167,1,0,0,0,113
1255,331.4937771027376,MISS_ENUMERATE_PROXY,Proxy 134,2,1,0,0,113
1256,331.7437073092944,ENUMERATE_PROXY,Proxy 127,0,0,0,0,114
1257,334.4347433464403,ENUMERATE_PROXY,Proxy 114,2,0,0,0,115
1258,335.1739271040264,ENUMERATE_PROXY,Proxy 36,0,0,0,0,116
1259,335.98934766631993,ENUMERATE_PROXY,Proxy 11,1,0,0,0,117
1260,338.46271905032324,ENUMERATE_PROXY,Proxy 104,0,0,0,0,118
1261,339.6121945304381,ENUMERATE_PROXY,Proxy 110,2,0,0,0,119
1262,342.1281293020129,MISS_ENUMERATE_PROXY,Proxy 190,0,1,0,0,119
1263,343.0315522644731,MISS_ENUMERATE_PROXY,Proxy 99,0,2,0,0,119
1264,347.25217274129614,ENUMERATE_PROXY,Proxy 90,0,0,0,0,120
1265,348.2314297064267,MISS_ENUMERATE_PROXY,Proxy 49,1,1,0,0,120
1266,349.50062572833673,MISS_ENUMERATE_PROXY,Proxy 45,0,1,0,0,120
1267,351.7907360317719,ENUMERATE_PROXY,Proxy 100,2,0,0,0,121
1268,352.137600074994,MISS_ENUMERATE_PROXY,Proxy 71,1,1,0,0,121
1269,353.8069524400614,ENUMERATE_PROXY,Proxy 89,0,0,0,0,122
1270,356.4336543100409,ENUMERATE_PROXY,Proxy 87,3,0,0,0,123
1271,358.9227003575296,MISS_ENUMERATE_PROXY,Proxy 60,1,1,0,0,123
1272,359.1988917873315,MISS_ENUMERATE_PROXY,Proxy 108,1,2,0,0,123
1273,359.7377441767464,MISS_ENUMERATE_PROXY,Proxy 78,1,1,0,0,123
1274,360.183748732493,ENUMERATE_PROXY,Proxy 63,0,0,0,0,124
1275,361.8558643203679,MISS_ENUMERATE_PROXY,Proxy 122,0,1,0,0,124
1276,363.28811077830267,ENUMERATE_PROXY,Proxy 19,0,0,0,0,125
1277,365.17324959342864,ENUMERATE_PROXY,Proxy 39,0,0,0,0,126
1278,367.2594472248057,ENUMERATE_PROXY,Proxy 158,0,0,0,0,127
1279,368.3154006773774,MISS_ENUMERATE_PROXY,Proxy 164,0,1,0,0,127
1280,369.16977683264156,MISS_ENUMERATE_PROXY,Proxy 197,0,1,0,0,127
1281,369.80588948354307,ENUMERATE_PROXY,Proxy 147,2,0,0,0,128
1282,371.11561972656597,MISS_ENUMERATE_PROXY,Proxy 4,2,1,0,0,128
1283,371.2060354307652,MISS_ENUMERATE_PROXY,Proxy 135,2,1,0,0,128
1284,372.12858360870183,ENUMERATE_PROXY,Proxy 85,1,0,0,0,129
1285,375.812058178345,MISS_ENUMERATE_PROXY,Proxy 2,1,1,0,0,129
1286,376.4844068286491,ENUMERATE_PROXY,Proxy 61,1,0,0,0,130
1287,376.73180791538266,MISS_ENUMERATE_PROXY,Proxy 20,0,1,0,0,130
1288,377.92469901026504,ENUMERATE_PROXY,Proxy 64,1,0,0,0,131
1289,384.66868222728834,MISS_ENUMERATE_PROXY,Proxy 83,0,4,0,0,131
1290,385.35464018969384,MISS_ENUMERATE_PROXY,Proxy 183,1,2,0,0,131
1291,387.40666444112003,ENUMERATE_PROXY,Proxy 105,0,0,0,0,132
1292,393.56025717029337,MISS_ENUMERATE_PROXY,Proxy 16,0,2,0,0,132
1293,393.81796776592665,MISS_ENUMERATE_PROXY,Proxy 69,0,2,0,0,132
1294,394.7161571808355,ENUMERATE_PROXY,Proxy 162,0,0,0,0,133
1295,396.34937808616803,ENUMERATE_PROXY,Proxy 170,1,0,0,0,134
1296,396.4058181523849,MISS_ENUMERATE_PROXY,Proxy 64,1,1,0,0,134
1297,398.47066478433004,MISS_ENUMERATE_PROXY,Proxy 138,0,2,0,0,134
1298,400.6430501801008,ENUMERATE_PROXY,Proxy 123,1,0,0,0,135
1299,404.3171329858204,MISS_ENUMERATE_PROXY,Proxy 158,0,1,0,0,135
1300,404.7178937228532,ENUMERATE_PROXY,Proxy 118,0,0,0,0,136
1301,407.2023876861366,ENUMERATE_PROXY,Proxy 73,1,0,0,0,137
1302,408.5488922596256,MISS_ENUMERATE_PROXY,Proxy 124,1,2,0,0,137
1303,409.4510576822124,ENUMERATE_PROXY,Proxy 109,0,0,0,0,138
1304,412.1745026582065,ENUMERATE_PROXY,Proxy 119,0,0,0,0,139
1305,412.17781949160474,MISS_ENUMERATE_PROXY,Proxy 45,0,2,0,0,139
1306,414.8509521490452,MISS_ENUMERATE_PROXY,Proxy 88,2,2,0,0,139
1307,415.6506041409606,MISS_ENUMERATE_PROXY,Proxy 14,0,1,0,0,139
1308,418.2349721883649,MISS_ENUMERATE_PROXY,Proxy 67,1,2,0,0,139
1309,418.77452583421086,MISS_ENUMERATE_PROXY,Proxy 100,2,1,0,0,139
1310,420.8472981013138,MISS_ENUMERATE_PROXY,Proxy 112,3,2,0,0,139
1311,424.21367480145057,MISS_ENUMERATE_PROXY,Proxy 170,1,1,0,0,139
1312,427.27117790894596,MISS_ENUMERATE_PROXY,Proxy 165,0,1,0,0,139
1313,427.7977329952501,MISS_ENUMERATE_PROXY,Proxy 73,2,1,0,0,139
1314,428.28464499820586,MISS_ENUMERATE_PROXY,Proxy 155,0,2,0,0,139
1315,429.3035716345133,MISS_ENUMERATE_PROXY,Proxy 83,0,5,0,0,139
1316,436.4985264599508,MISS_ENUMERATE_PROXY,Proxy 125,1,2,0,0,139
1317,436.6280821069153,ENUMERATE_PROXY,Proxy 189,1,0,0,0,140
1318,437.1247760358065,ENUMERATE_PROXY,Proxy 43,0,0,0,0,141
1319,438.6357551005888,MISS_ENUMERATE_PROXY,Proxy 186,1,3,0,0,141
1320,439.11895787030335,MISS_ENUMERATE_PROXY,Proxy 39,0,1,0,0,141
1321,442.70821998686483,MISS_ENUMERATE_PROXY,Proxy 108,1,3,0,0,141
1322,443.7512614367205,MISS_ENUMERATE_PROXY,Proxy 32,2,3,0,0,141
1323,444.14990935490084,MISS_ENUMERATE_PROXY,Proxy 170,1,2,0,0,141
1324,445.03320886960535,MISS_ENUMERATE_PROXY,Proxy 24,1,2,0,0,141
1325,446.6031374962059,ENUMERATE_PROXY,Proxy 185,0,0,0,0,142
1326,447.93208300756885,MISS_ENUMERATE_PROXY,Proxy 93,0,2,0,0,142
1327,449.18453390748476,MISS_ENUMERATE_PROXY,Proxy 179,4,1,0,0,142
1328,449.87298753425756,MISS_ENUMERATE_PROXY,Proxy 85,2,1,0,0,142
1329,455.02389402924865,MISS_ENUMERATE_PROXY,Proxy 176,1,1,0,0,142
1330,455.0609979804985,ENUMERATE_PROXY,Proxy 195,1,0,0,0,143
1331,458.2358435125264,ENUMERATE_PROXY,Proxy 15,0,0,0,0,144
1332,459.0553827643379,MISS_ENUMERATE_PROXY,Proxy 61,1,1,0,0,144
1333,460.74863432876026,MISS_ENUMERATE_PROXY,Proxy 59,3,2,0,0,144
1334,460.8628785414921,MISS_ENUMERATE_PROXY,Proxy 176,1,2,0,0,144
1335,461.4508490391575,MISS_ENUMERATE_PROXY,Proxy 100,2,2,0,0,144
1336,464.5010664902981,ENUMERATE_PROXY,Proxy 37,1,0,0,0,145
1337,464.97543371589154,MISS_ENUMERATE_PROXY,Proxy 128,0,1,0,0,145
1338,465.2832644120148,MISS_ENUMERATE_PROXY,Proxy 10,0,1,0,0,145
1339,465.66287155300745,MISS_ENUMERATE_PROXY,Proxy 13,1,1,0,0,145
1340,466.18773288169723,MISS_ENUMERATE_PROXY,Proxy 22,1,2,0,0,145
1341,480.4441250197167,ENUMERATE_PROXY,Proxy 25,0,0,0,0,146
1342,482.65926062643507,MISS_ENUMERATE_PROXY,Proxy 158,0,2,0,0,146
1343,483.04255017199665,MISS_ENUMERATE_PROXY,Proxy 131,0,1,0,0,146
1344,484.73201926319035,MISS_ENUMERATE_PROXY,Proxy 20,1,2,0,0,146
1345,485.27199640545746,MISS_ENUMERATE_PROXY,Proxy 169,2,1,0,0,146
1346,487.1959289749531,MISS_ENUMERATE_PROXY,Proxy 110,2,1,0,0,146
1347,491.36083943819636,MISS_ENUMERATE_PROXY,Proxy 141,1,1,0,0,146
1348,497.07914928863784,ENUMERATE_PROXY,Proxy 173,2,0,0,0,147
1349,497.7799534737903,MISS_ENUMERATE_PROXY,Proxy 111,1,1,0,0,147
1350,501.871275417165,MISS_ENUMERATE_PROXY,Proxy 43,0,1,0,0,147
1351,505.9658496881941,MISS_ENUMERATE_PROXY,Proxy 153,4,1,0,0,147
1352,506.2424560362966,ENUMERATE_PROXY,Proxy 113,2,0,0,0,148
1353,508.30165291438345,MISS_ENUMERATE_PROXY,Proxy 112,3,3,0,0,148
1354,510.2128482878914,MISS_ENUMERATE_PROXY,Proxy 106,0,1,0,0,148
1355,511.9245390280005,MISS_ENUMERATE_PROXY,Proxy 44,2,2,0,0,148
1356,513.080266540998,MISS_ENUMERATE_PROXY,Proxy 160,3,1,0,0,148
1357,513.2799885864108,MISS_ENUMERATE_PROXY,Proxy 190,0,2,0,0,148
1358,517.0050987870193,MISS_ENUMERATE_PROXY,Proxy 70,1,1,0,0,148
1359,517.6532130622713,ENUMERATE_PROXY,Proxy 79,2,0,0,0,149
1360,518.552359175687,ENUMERATE_PROXY,Proxy 12,0,0,0,0,150
1361,521.1757935085973,MISS_ENUMERATE_PROXY,Proxy 88,2,3,0,0,150
1362,523.7023428045464,MISS_ENUMERATE_PROXY,Proxy 179,4,2,0,0,150
1363,523.7853568038093,MISS_ENUMERATE_PROXY,Proxy 59,3,3,0,0,150
1364,526.8031350083498,ENUMERATE_PROXY,Proxy 94,1,0,0,0,151
1365,528.6729438523216,MISS_ENUMERATE_PROXY,Proxy 54,1,2,0,0,151
1366,529.2362484594837,ENUMERATE_PROXY,Proxy 42,1,0,0,0,152
1367,530.0297694655912,MISS_ENUMERATE_PROXY,Proxy 104,0,1,0,0,152
1368,531.104405185458,MISS_ENUMERATE_PROXY,Proxy 167,2,1,0,0,152
1369,531.8824472944328,MISS_ENUMERATE_PROXY,Proxy 32,2,4,0,0,152
1370,533.1361198016164,ENUMERATE_PROXY,Proxy 81,0,0,0,0,153
1371,533.5141325339237,ENUMERATE_PROXY,Proxy 48,4,0,0,0,154
1372,535.4057983345012,MISS_ENUMERATE_PROXY,Proxy 144,2,2,0,0,154
1373,536.6184910218735,MISS_ENUMERATE_PROXY,Proxy 172,0,3,0,0,154
1374,538.1287393571342,ENUMERATE_PROXY,Proxy 116,0,0,0,0,155
1375,539.3799555311797,MISS_ENUMERATE_PROXY,Proxy 103,1,4,0,0,155
1376,540.0218629943279,ENUMERATE_PROXY,Proxy 68,0,0,0,0,156
1377,540.0992257466977,MISS_ENUMERATE_PROXY,Proxy 14,0,2,0,0,156
1378,540.3355766121639,ENUMERATE_PROXY,Proxy 145,0,0,0,0,157
1379,541.4533927225975,ENUMERATE_PROXY,Proxy 41,2,0,0,0,158
1380,543.9985117403227,MISS_ENUMERATE_PROXY,Proxy 67,2,3,0,0,158
1381,544.4521504410608,MISS_ENUMERATE_PROXY,Proxy 15,0,1,0,0,158
1382,546.4690375810667,MISS_ENUMERATE_PROXY,Proxy 193,3,1,0,0,158
1383,547.7126102955996,ENUMERATE_PROXY,Proxy 80,0,0,0,0,159
1384,548.4291411195742,MISS_ENUMERATE_PROXY,Proxy 44,2,3,0,0,159
1385,552.5992856514658,MISS_ENUMERATE_PROXY,Proxy 113,2,1,0,0,159
1386,553.8966544731672,MISS_ENUMERATE_PROXY,Proxy 88,2,4,0,0,159
1387,554.077226285175,MISS_ENUMERATE_PROXY,Proxy 129,2,1,0,0,159
1388,554.2050393048298,MISS_ENUMERATE_PROXY,Proxy 165,1,2,0,0,159
1389,558.378420941829,MISS_ENUMERATE_PROXY,Proxy 82,1,1,0,0,159
1390,558.6738737320275,MISS_ENUMERATE_PROXY,Proxy 16,1,3,0,0,159
1391,558.694060950777,ENUMERATE_PROXY,Proxy 86,2,0,0,0,160
1392,560.0187571368596,MISS_ENUMERATE_PROXY,Proxy 47,1,2,0,0,160
1393,564.0597068326317,MISS_ENUMERATE_PROXY,Proxy 104,0,2,0,0,160
1394,564.2268963158505,MISS_ENUMERATE_PROXY,Proxy 67,2,4,0,0,160
1395,565.0961784927359,MISS_ENUMERATE_PROXY,Proxy 48,4,1,0,0,160
1396,565.3112735200826,MISS_ENUMERATE_PROXY,Proxy 30,2,2,0,0,160
1397,565.9346663207501,ENUMERATE_PROXY,Proxy 142,2,0,0,0,161
1398,566.0376789019269,ENUMERATE_PROXY,Proxy 181,3,0,0,0,162
1399,566.0422690436969,MISS_ENUMERATE_PROXY,Proxy 135,2,2,0,0,162
1400,567.1553014904148,MISS_ENUMERATE_PROXY,Proxy 72,2,1,0,0,162
1401,567.3674933666035,MISS_ENUMERATE_PROXY,Proxy 89,0,1,0,0,162
1402,569.9852568495271,MISS_ENUMERATE_PROXY,Proxy 197,1,2,0,0,162
1403,573.6507719624026,MISS_ENUMERATE_PROXY,Proxy 15,1,2,0,0,162
1404,574.1047654211052,MISS_ENUMERATE_PROXY,Proxy 9,1,1,0,0,162
1405,575.2658314984725,MISS_ENUMERATE_PROXY,Proxy 79,2,1,0,0,162
1406,576.3701388473278,MISS_ENUMERATE_PROXY,Proxy 29,4,2,0,0,162
1407,576.7078707466699,MISS_ENUMERATE_PROXY,Proxy 31,1,1,0,0,162
1408,577.7146008806999,MISS_ENUMERATE_PROXY,Proxy 86,2,1,0,0,162
1409,579.0103224543853,MISS_ENUMERATE_PROXY,Proxy 19,0,1,0,0,162
1410,579.6926557844967,MISS_ENUMERATE_PROXY,Proxy 104,2,3,0,0,162
1411,580.9027477807247,MISS_ENUMERATE_PROXY,Proxy 127,1,1,0,0,162
1412,585.3532503548718,MISS_ENUMERATE_PROXY,Proxy 189,1,1,0,0,162
1413,585.417934358406,MISS_ENUMERATE_PROXY,Proxy 15,1,3,0,0,162
1414,588.9900690219642,MISS_ENUMERATE_PROXY,Proxy 186,2,4,0,0,162
1415,589.5783581374952,ENUMERATE_PROXY,Proxy 199,2,0,0,0,163
1416,590.4580725943949,ENUMERATE_PROXY,Proxy 159,2,0,0,0,164
1417,591.7277782316174,ENUMERATE_PROXY,Proxy 5,0,0,0,0,165
1418,591.789347409952,MISS_ENUMERATE_PROXY,Proxy 18,3,1,0,0,165
1419,596.2233446378231,ENUMERATE_PROXY,Proxy 21,4,0,0,0,166
1420,600.2980456868186,MISS_ENUMERATE_PROXY,Proxy 130,1,1,0,0,166
1421,606.9104587257775,MISS_ENUMERATE_PROXY,Proxy 182,1,1,0,0,166
1422,607.1425329488021,MISS_ENUMERATE_PROXY,Proxy 5,0,1,0,0,166
1423,607.9657939457112,MISS_ENUMERATE_PROXY,Proxy 94,1,1,0,0,166
1424,610.6168932790167,MISS_ENUMERATE_PROXY,Proxy 197,2,3,0,0,166
1425,611.1991561860857,ENUMERATE_PROXY,Proxy 28,0,0,0,0,167
1426,611.5551546463788,MISS_ENUMERATE_PROXY,Proxy 164,1,2,0,0,167
1427,613.6688470746219,MISS_ENUMERATE_PROXY,Proxy 69,0,3,0,0,167
1428,615.5570932062564,MISS_ENUMERATE_PROXY,Proxy 172,0,4,0,0,167
1429,618.3640357484351,MISS_ENUMERATE_PROXY,Proxy 44,2,4,0,0,167
1430,620.5244146352862,MISS_ENUMERATE_PROXY,Proxy 19,0,2,0,0,167
1431,622.4216439467049,MISS_ENUMERATE_PROXY,Proxy 12,0,1,0,0,167
1432,625.3485315325215,ENUMERATE_PROXY,Proxy 23,0,0,0,0,168
1433,627.1168669543606,ENUMERATE_PROXY,Proxy 8,1,0,0,0,169
1434,629.3312042467194,ENUMERATE_PROXY,Proxy 27,2,0,0,0,170
1435,633.0546586923319,MISS_ENUMERATE_PROXY,Proxy 77,1,1,0,0,170
1436,636.3695747124763,ENUMERATE_PROXY,Proxy 154,1,0,0,0,171
1437,636.7661601270083,MISS_ENUMERATE_PROXY,Proxy 90,3,1,0,0,171
1438,639.5595415027693,MISS_ENUMERATE_PROXY,Proxy 26,0,2,0,0,171
1439,640.0167309856055,MISS_ENUMERATE_PROXY,Proxy 88,2,5,0,0,171
1440,640.6142470805698,MISS_ENUMERATE_PROXY,Proxy 149,2,1,0,0,171
1441,642.2617099769495,MISS_ENUMERATE_PROXY,Proxy 105,1,1,0,0,171
1442,644.1471763306744,ENUMERATE_PROXY,Proxy 33,1,0,0,0,172
1443,646.0987459891729,MISS_ENUMERATE_PROXY,Proxy 123,1,1,0,0,172
1444,651.1139189417718,MISS_ENUMERATE_PROXY,Proxy 103,2,5,0,0,172
1445,651.3655890217555,MISS_ENUMERATE_PROXY,Proxy 138,2,3,0,0,172
1446,653.848270602303,MISS_ENUMERATE_PROXY,Proxy 165,1,3,0,0,172
1447,655.1465515696002,MISS_ENUMERATE_PROXY,Proxy 173,2,1,0,0,172
1448,659.9681301921426,MISS_ENUMERATE_PROXY,Proxy 170,1,3,0,0,172
1449,660.0780015652621,MISS_ENUMERATE_PROXY,Proxy 198,0,2,0,0,172
1450,662.6813766303777,MISS_ENUMERATE_PROXY,Proxy 59,3,4,0,0,172
1451,662.89219733898,MISS_ENUMERATE_PROXY,Proxy 137,0,2,0,0,172
1452,662.983732472062,MISS_ENUMERATE_PROXY,Proxy 150,2,1,0,0,172
1453,666.321593963666,MISS_ENUMERATE_PROXY,Proxy 172,0,5,0,0,172
1454,668.8267980610046,MISS_ENUMERATE_PROXY,Proxy 85,2,2,0,0,172
1455,682.0977555281521,MISS_ENUMERATE_PROXY,Proxy 128,2,2,0,0,172
1456,689.6017149014403,MISS_ENUMERATE_PROXY,Proxy 105,1,2,0,0,172
1457,692.7196860175426,MISS_ENUMERATE_PROXY,Proxy 137,0,3,0,0,172
1458,693.8272416493428,MISS_ENUMERATE_PROXY,Proxy 164,1,3,0,0,172
1459,697.0438662059902,MISS_ENUMERATE_PROXY,Proxy 139,2,4,0,0,172
1460,697.1928394727621,MISS_ENUMERATE_PROXY,Proxy 87,3,1,0,0,172
1461,698.7601427178092,MISS_ENUMERATE_PROXY,Proxy 142,2,1,0,0,172
1462,701.3346404410916,MISS_ENUMERATE_PROXY,Proxy 110,3,2,0,0,172
1463,701.9051345189905,MISS_ENUMERATE_PROXY,Proxy 125,3,3,0,0,172
1464,701.9981508960898,ENUMERATE_PROXY,Proxy 188,2,0,0,0,173
1465,703.4417719578024,MISS_ENUMERATE_PROXY,Proxy 105,1,3,0,0,173
1466,704.0620113813479,MISS_ENUMERATE_PROXY,Proxy 41,2,1,0,0,173
1467,704.6880152489334,MISS_ENUMERATE_PROXY,Proxy 67,3,5,0,0,173
1468,706.9823383553113,MISS_ENUMERATE_PROXY,Proxy 181,4,1,0,0,173
1469,709.8053974668597,ENUMERATE_PROXY,Proxy 34,1,0,0,0,174
1470,712.6150926861159,MISS_ENUMERATE_PROXY,Proxy 1,0,1,0,0,174
1471,712.6782244994585,MISS_ENUMERATE_PROXY,Proxy 7,0,2,0,0,174
1472,714.554681565941,ENUMERATE_PROXY,Proxy 132,2,0,0,0,175
1473,716.1895308115157,ENUMERATE_PROXY,Proxy 101,2,0,0,0,176
1474,716.2120983841529,MISS_ENUMERATE_PROXY,Proxy 140,0,1,0,0,176
1475,716.6665811183221,MISS_ENUMERATE_PROXY,Proxy 10,0,2,0,0,176
1476,716.8045517498978,MISS_ENUMERATE_PROXY,Proxy 181,4,2,0,0,176
1477,721.6357923861855,MISS_ENUMERATE_PROXY,Proxy 24,1,3,0,0,176
1478,722.8542582022444,MISS_ENUMERATE_PROXY,Proxy 14,1,3,0,0,176
1479,723.476327760526,MISS_ENUMERATE_PROXY,Proxy 186,2,5,0,0,176
1480,724.4662110698716,MISS_ENUMERATE_PROXY,Proxy 182,1,2,0,0,176
1481,724.6008141452653,MISS_ENUMERATE_PROXY,Proxy 90,3,2,0,0,176
1482,729.471429927816,MISS_ENUMERATE_PROXY,Proxy 93,0,3,0,0,176
1483,730.1205797717805,MISS_ENUMERATE_PROXY,Proxy 81,1,1,0,0,176
1484,734.8490000522166,ENUMERATE_PROXY,Proxy 146,3,0,0,0,177
1485,735.0729046243262,ENUMERATE_PROXY,Proxy 55,1,0,0,0,178
1486,736.4994201379957,MISS_ENUMERATE_PROXY,Proxy 100,2,3,0,0,178
1487,737.3478267673248,MISS_ENUMERATE_PROXY,Proxy 178,3,1,0,0,178
1488,738.4015455630848,MISS_ENUMERATE_PROXY,Proxy 34,1,1,0,0,178
1489,738.7181893312277,MISS_ENUMERATE_PROXY,Proxy 87,3,2,0,0,178
1490,739.4255815136227,MISS_ENUMERATE_PROXY,Proxy 189,1,2,0,0,178
1491,739.9242090043305,MISS_ENUMERATE_PROXY,Proxy 169,2,2,0,0,178
1492,740.1711410213061,MISS_ENUMERATE_PROXY,Proxy 73,4,2,0,0,178
1493,742.1869382789671,MISS_ENUMERATE_PROXY,Proxy 100,2,4,0,0,178
1494,748.7276887720161,MISS_ENUMERATE_PROXY,Proxy 158,0,3,0,0,178
1495,754.4218133400293,MISS_ENUMERATE_PROXY,Proxy 14,1,4,0,0,178
1496,756.1166736784589,MISS_ENUMERATE_PROXY,Proxy 131,0,2,0,0,178
1497,758.3250515623009,MISS_ENUMERATE_PROXY,Proxy 104,2,4,0,0,178
1498,760.1248809716055,MISS_ENUMERATE_PROXY,Proxy 168,3,1,0,0,178
1499,762.1699082054622,MISS_ENUMERATE_PROXY,Proxy 45,0,3,0,0,178
1500,763.7032914802023,MISS_ENUMERATE_PROXY,Proxy 108,3,4,0,0,178
1501,771.3552262573237,MISS_ENUMERATE_PROXY,Proxy 29,4,3,0,0,178
1502,777.865268033351,MISS_ENUMERATE_PROXY,Proxy 94,1,2,0,0,178
1503,785.5349751348407,MISS_ENUMERATE_PROXY,Proxy 41,2,2,0,0,178
1504,787.5632133213545,MISS_ENUMERATE_PROXY,Proxy 46,0,2,0,0,178
1505,787.5668899797996,MISS_ENUMERATE_PROXY,Proxy 199,3,1,0,0,178
1506,788.4952796624156,MISS_ENUMERATE_PROXY,Proxy 64,3,2,0,0,178
1507,790.7721244583332,MISS_ENUMERATE_PROXY,Proxy 60,1,2,0,0,178
1508,797.411525128306,MISS_ENUMERATE_PROXY,Proxy 64,3,3,0,0,178
1509,797.7014701733718,MISS_ENUMERATE_PROXY,Proxy 105,1,4,0,0,178
1510,798.1793165382501,MISS_ENUMERATE_PROXY,Proxy 147,2,1,0,0,178
1511,805.2106335906925,MISS_ENUMERATE_PROXY,Proxy 36,0,1,0,0,178
1512,806.3791593363319,MISS_ENUMERATE_PROXY,Proxy 141,2,2,0,0,178
1513,809.3220753918583,MISS_ENUMERATE_PROXY,Proxy 54,3,3,0,0,178
1514,809.8400996836197,MISS_ENUMERATE_PROXY,Proxy 82,1,2,0,0,178
1515,819.0027732845118,MISS_ENUMERATE_PROXY,Proxy 20,1,3,0,0,178
1516,819.9205815726019,MISS_ENUMERATE_PROXY,Proxy 124,2,3,0,0,178
1517,821.796305564323,MISS_ENUMERATE_PROXY,Proxy 24,1,4,0,0,178
1518,824.8599486226651,MISS_ENUMERATE_PROXY,Proxy 2,1,2,0,0,178
1519,827.7486489327359,MISS_ENUMERATE_PROXY,Proxy 143,3,4,0,0,178
1520,835.720567497636,MISS_ENUMERATE_PROXY,Proxy 129,3,2,0,0,178
1521,839.0895706071135,MISS_ENUMERATE_PROXY,Proxy 27,2,1,0,0,178
1522,839.1752194008749,MISS_ENUMERATE_PROXY,Proxy 80,3,1,0,0,178
1523,840.8000570165506,MISS_ENUMERATE_PROXY,Proxy 199,3,2,0,0,178
1524,845.0203656450898,MISS_ENUMERATE_PROXY,Proxy 37,3,1,0,0,178
1525,852.5657506611276,MISS_ENUMERATE_PROXY,Proxy 49,5,2,0,0,178
1526,855.5948293971034,MISS_ENUMERATE_PROXY,Proxy 173,3,2,0,0,178
1527,855.6424530615834,MISS_ENUMERATE_PROXY,Proxy 69,3,4,0,0,178
1528,859.4324761807788,MISS_ENUMERATE_PROXY,Proxy 5,0,2,0,0,178
1529,859.8052652988208,MISS_ENUMERATE_PROXY,Proxy 143,3,5,0,0,178
1530,859.8762772781583,MISS_ENUMERATE_PROXY,Proxy 197,3,4,0,0,178
1531,861.5914148809645,MISS_ENUMERATE_PROXY,Proxy 190,3,3,0,0,178
1532,861.8993247159917,MISS_ENUMERATE_PROXY,Proxy 24,2,5,0,0,178
1533,864.1713806075448,MISS_ENUMERATE_PROXY,Proxy 73,5,3,0,0,178
1534,864.357661871542,ENUMERATE_PROXY,Proxy 3,2,0,0,0,179
1535,864.8942060853074,ENUMERATE_PROXY,Proxy 177,3,0,0,0,180
1536,864.996041463034,MISS_ENUMERATE_PROXY,Proxy 164,1,4,0,0,180
1537,866.6142960627741,MISS_ENUMERATE_PROXY,Proxy 196,1,1,0,0,180
1538,867.6324878870347,MISS_ENUMERATE_PROXY,Proxy 54,3,4,0,0,180
1539,870.9922411111038,MISS_ENUMERATE_PROXY,Proxy 52,4,4,0,0,180
1540,871.6931311087124,MISS_ENUMERATE_PROXY,Proxy 108,3,5,0,0,180
1541,874.9501289670686,MISS_ENUMERATE_PROXY,Proxy 77,3,2,0,0,180
1542,876.2984999655378,MISS_ENUMERATE_PROXY,Proxy 165,1,4,0,0,180
1543,877.2444951326563,MISS_ENUMERATE_PROXY,Proxy 88,3,6,0,0,180
1544,879.7458831114988,MISS_ENUMERATE_PROXY,Proxy 18,5,2,0,0,180
1545,883.934363631654,MISS_ENUMERATE_PROXY,Proxy 2,1,3,0,0,180
1546,886.5964678932614,MISS_ENUMERATE_PROXY,Proxy 111,2,2,0,0,180
1547,891.8299745322071,MISS_ENUMERATE_PROXY,Proxy 154,2,1,0,0,180
1548,893.2927126333752,MISS_ENUMERATE_PROXY,Proxy 5,0,3,0,0,180
1549,894.3199331865791,MISS_ENUMERATE_PROXY,Proxy 142,2,2,0,0,180
1550,897.0295544197123,MISS_ENUMERATE_PROXY,Proxy 37,4,2,0,0,180
1551,897.1019451763747,MISS_ENUMERATE_PROXY,Proxy 183,1,3,0,0,180
1552,903.8119401093018,MISS_ENUMERATE_PROXY,Proxy 61,2,2,0,0,180
1553,904.0167191948368,ENUMERATE_PROXY,Proxy 50,2,0,0,0,181
1554,906.5039430863861,MISS_ENUMERATE_PROXY,Proxy 9,2,2,0,0,181
1555,909.2381384219384,MISS_ENUMERATE_PROXY,Proxy 91,1,2,0,0,181
1556,910.3292610041061,MISS_ENUMERATE_PROXY,Proxy 185,1,1,0,0,181
1557,910.6298716975424,MISS_ENUMERATE_PROXY,Proxy 27,2,2,0,0,181
1558,910.984379345948,ENUMERATE_PROXY,Proxy 56,5,0,0,0,182
1559,911.3207172001744,MISS_ENUMERATE_PROXY,Proxy 35,3,1,0,0,182
1560,912.5202229406927,MISS_ENUMERATE_PROXY,Proxy 20,1,4,0,0,182
1561,912.5594499405394,MISS_ENUMERATE_PROXY,Proxy 81,2,2,0,0,182
1562,914.2410199263403,MISS_ENUMERATE_PROXY,Proxy 131,1,3,0,0,182
1563,914.3442102377961,MISS_ENUMERATE_PROXY,Proxy 12,1,2,0,0,182
1564,915.4877217702567,MISS_ENUMERATE_PROXY,Proxy 34,1,2,0,0,182
1565,919.0080384300492,MISS_ENUMERATE_PROXY,Proxy 60,1,3,0,0,182
1566,920.5869330735444,MISS_ENUMERATE_PROXY,Proxy 114,3,1,0,0,182
1567,925.0946010707102,MISS_ENUMERATE_PROXY,Proxy 5,0,4,0,0,182
1568,929.147065701785,MISS_ENUMERATE_PROXY,Proxy 61,2,3,0,0,182
1569,932.7755481982384,MISS_ENUMERATE_PROXY,Proxy 43,0,2,0,0,182
1570,935.992876841813,MISS_ENUMERATE_PROXY,Proxy 34,1,3,0,0,182
1571,940.2126614156208,MISS_ENUMERATE_PROXY,Proxy 43,0,3,0,0,182
1572,940.688214442181,MISS_ENUMERATE_PROXY,Proxy 52,4,5,0,0,182
1573,941.8083458569873,MISS_ENUMERATE_PROXY,Proxy 195,5,1,0,0,182
1574,945.0179932543333,MISS_ENUMERATE_PROXY,Proxy 175,1,1,0,0,182
1575,945.6817594854207,MISS_ENUMERATE_PROXY,Proxy 162,1,1,0,0,182
1576,946.3087744645735,MISS_ENUMERATE_PROXY,Proxy 31,3,2,0,0,182
1577,947.9950968784948,MISS_ENUMERATE_PROXY,Proxy 175,1,2,0,0,182
1578,950.7323638403861,MISS_ENUMERATE_PROXY,Proxy 193,3,2,0,0,182
1579,952.3108646884785,MISS_ENUMERATE_PROXY,Proxy 91,1,3,0,0,182
1580,954.1025147923563,MISS_ENUMERATE_PROXY,Proxy 48,4,2,0,0,182
1581,954.1382476128151,MISS_ENUMERATE_PROXY,Proxy 189,3,3,0,0,182
1582,954.5193499304506,MISS_ENUMERATE_PROXY,Proxy 27,2,3,0,0,182
1583,955.2357032411985,MISS_ENUMERATE_PROXY,Proxy 171,2,3,0,0,182
1584,957.2593206897195,MISS_ENUMERATE_PROXY,Proxy 187,0,2,0,0,182
1585,960.1068388532619,MISS_ENUMERATE_PROXY,Proxy 19,2,3,0,0,182
1586,964.9657538336204,MISS_ENUMERATE_PROXY,Proxy 190,3,4,0,0,182
1587,966.093438290672,MISS_ENUMERATE_PROXY,Proxy 107,4,3,0,0,182
1588,968.0238749217638,MISS_ENUMERATE_PROXY,Proxy 10,0,3,0,0,182
1589,968.1731603282907,MISS_ENUMERATE_PROXY,Proxy 171,2,4,0,0,182
1590,971.0046422257296,MISS_ENUMERATE_PROXY,Proxy 83,1,6,0,0,182
1591,971.0699588284006,MISS_ENUMERATE_PROXY,Proxy 73,5,4,0,0,182
1592,974.2558475150317,MISS_ENUMERATE_PROXY,Proxy 11,1,1,0,0,182
1593,978.648254978388,MISS_ENUMERATE_PROXY,Proxy 198,1,3,0,0,182
1594,979.2868315868083,MISS_ENUMERATE_PROXY,Proxy 188,3,1,0,0,182
1595,980.8481961923101,MISS_ENUMERATE_PROXY,Proxy 123,3,2,0,0,182
1596,982.3431689266222,MISS_ENUMERATE_PROXY,Proxy 101,2,1,0,0,182
1597,983.3197638167642,MISS_ENUMERATE_PROXY,Proxy 155,0,3,0,0,182
1598,987.3428757449723,MISS_ENUMERATE_PROXY,Proxy 26,0,3,0,0,182
1599,988.2418893178008,ENUMERATE_PROXY,Proxy 97,2,0,0,0,183
1600,988.3777955765404,MISS_ENUMERATE_PROXY,Proxy 22,2,3,0,0,183
1601,989.0643444798698,MISS_ENUMERATE_PROXY,Proxy 168,3,2,0,0,183
1602,989.2305050642951,MISS_ENUMERATE_PROXY,Proxy 143,3,6,0,0,183
1603,989.6975080661191,MISS_ENUMERATE_PROXY,Proxy 61,2,4,0,0,183
1604,991.045852495059,MISS_ENUMERATE_PROXY,Proxy 8,1,1,0,0,183
1605,994.7952352535868,MISS_ENUMERATE_PROXY,Proxy 167,6,2,0,0,183
1606,995.4979685023796,MISS_ENUMERATE_PROXY,Proxy 52,4,6,0,0,183
1607,999.3166856938126,MISS_ENUMERATE_PROXY,Proxy 55,2,1,0,0,183
1608,1000.8936616488706,MISS_ENUMERATE_PROXY,Proxy 145,0,1,0,0,183
1609,1001.5084911048353,MISS_ENUMERATE_PROXY,Proxy 128,2,3,0,0,183
1610,1002.8402053944322,MISS_ENUMERATE_PROXY,Proxy 182,1,3,0,0,183
1611,1009.8311983490672,MISS_ENUMERATE_PROXY,Proxy 162,1,2,0,0,183
1612,1010.1220493584678,MISS_ENUMERATE_PROXY,Proxy 167,6,3,0,0,183
1613,1010.2553921556181,MISS_ENUMERATE_PROXY,Proxy 92,2,1,0,0,183
1614,1013.4921894100166,MISS_ENUMERATE_PROXY,Proxy 59,3,5,0,0,183
1615,1014.1892301357426,ENUMERATE_PROXY,Proxy 75,4,0,0,0,184
1616,1014.7882444411924,MISS_ENUMERATE_PROXY,Proxy 143,3,7,0,0,184
1617,1020.4602758418578,MISS_ENUMERATE_PROXY,Proxy 11,1,2,0,0,184
1618,1023.2180351120415,MISS_ENUMERATE_PROXY,Proxy 115,1,1,0,0,184
1619,1025.3468674033686,MISS_ENUMERATE_PROXY,Proxy 143,3,8,0,0,184
1620,1027.676839693147,MISS_ENUMERATE_PROXY,Proxy 150,2,2,0,0,184
1621,1028.1973658797863,MISS_ENUMERATE_PROXY,Proxy 128,2,4,0,0,184
1622,1029.222901959555,MISS_ENUMERATE_PROXY,Proxy 78,1,2,0,0,184
1623,1031.1770783027569,MISS_ENUMERATE_PROXY,Proxy 90,4,3,0,0,184
1624,1031.2304936846947,MISS_ENUMERATE_PROXY,Proxy 78,1,3,0,0,184
1625,1034.6163648517916,MISS_ENUMERATE_PROXY,Proxy 137,0,4,0,0,184
1626,1035.197801685708,MISS_ENUMERATE_PROXY,Proxy 182,1,4,0,0,184
1627,1036.194871136137,MISS_ENUMERATE_PROXY,Proxy 6,2,2,0,0,184
1628,1037.378200683984,MISS_ENUMERATE_PROXY,Proxy 116,0,1,0,0,184
1629,1045.2636521838613,ENUMERATE_PROXY,Proxy 62,2,0,0,0,185
1630,1046.066508633993,MISS_ENUMERATE_PROXY,Proxy 105,1,5,0,0,185
1631,1047.8413624994068,MISS_ENUMERATE_PROXY,Proxy 70,4,2,0,0,185
1632,1049.1108965207648,MISS_ENUMERATE_PROXY,Proxy 151,4,1,0,0,185
1633,1049.1385714797275,MISS_ENUMERATE_PROXY,Proxy 187,0,3,0,0,185
1634,1051.5059304477293,ENUMERATE_PROXY,Proxy 102,1,0,0,0,186
1635,1058.0379817245496,MISS_ENUMERATE_PROXY,Proxy 15,2,4,0,0,186
1636,1062.4788915019608,MISS_ENUMERATE_PROXY,Proxy 153,8,2,0,0,186
1637,1063.6011411602187,MISS_ENUMERATE_PROXY,Proxy 76,2,1,0,0,186
1638,1065.5913086871874,MISS_ENUMERATE_PROXY,Proxy 53,5,1,0,0,186
1639,1071.8952202711444,MISS_ENUMERATE_PROXY,Proxy 24,2,6,0,0,186
1640,1073.7408687855511,ENUMERATE_PROXY,Proxy 152,2,0,0,0,187
1641,1075.2016948665594,MISS_ENUMERATE_PROXY,Proxy 142,2,3,0,0,187
1642,1076.6426487913914,MISS_ENUMERATE_PROXY,Proxy 156,0,2,0,0,187
1643,1081.2981093140734,MISS_ENUMERATE_PROXY,Proxy 40,4,1,0,0,187
1644,1085.0798319915045,MISS_ENUMERATE_PROXY,Proxy 176,2,3,0,0,187
1645,1088.1286837578007,MISS_ENUMERATE_PROXY,Proxy 95,1,1,0,0,187
1646,1088.376698446104,MISS_ENUMERATE_PROXY,Proxy 108,3,6,0,0,187
1647,1088.939602574016,MISS_ENUMERATE_PROXY,Proxy 185,2,2,0,0,187
1648,1089.136635381173,MISS_ENUMERATE_PROXY,Proxy 24,2,7,0,0,187
1649,1091.7638268541841,MISS_ENUMERATE_PROXY,Proxy 110,6,3,0,0,187
1650,1092.6505121593768,MISS_ENUMERATE_PROXY,Proxy 123,3,3,0,0,187
1651,1094.5680429235483,MISS_ENUMERATE_PROXY,Proxy 196,1,2,0,0,187
1652,1095.1278668049638,MISS_ENUMERATE_PROXY,Proxy 25,1,1,0,0,187
1653,1101.3173455812353,MISS_ENUMERATE_PROXY,Proxy 84,4,1,0,0,187
1654,1101.7191417379092,MISS_ENUMERATE_PROXY,Proxy 162,1,3,0,0,187
1655,1101.8829106228143,MISS_ENUMERATE_PROXY,Proxy 2,1,4,0,0,187
1656,1105.9340299124779,MISS_ENUMERATE_PROXY,Proxy 46,1,3,0,0,187
1657,1106.2508255914213,MISS_ENUMERATE_PROXY,Proxy 155,0,4,0,0,187
1658,1107.2306851755152,MISS_ENUMERATE_PROXY,Proxy 83,2,7,0,0,187
1659,1107.28057076259,MISS_ENUMERATE_PROXY,Proxy 172,1,6,0,0,187
1660,1111.8260524386576,MISS_ENUMERATE_PROXY,Proxy 153,8,3,0,0,187
1661,1111.8957391445228,MISS_ENUMERATE_PROXY,Proxy 161,1,1,0,0,187
1662,1117.4063763098384,MISS_ENUMERATE_PROXY,Proxy 188,4,2,0,0,187
1663,1118.356077152126,MISS_ENUMERATE_PROXY,Proxy 106,1,2,0,0,187
1664,1120.4156030812742,MISS_ENUMERATE_PROXY,Proxy 9,2,3,0,0,187
1665,1124.0955496455972,MISS_ENUMERATE_PROXY,Proxy 129,6,3,0,0,187
1666,1124.697044286402,MISS_ENUMERATE_PROXY,Proxy 157,3,2,0,0,187
1667,1128.1971569668171,MISS_ENUMERATE_PROXY,Proxy 137,0,5,0,0,187
1668,1129.139236373732,MISS_ENUMERATE_PROXY,Proxy 167,7,4,0,0,187
1669,1130.4444898795593,MISS_ENUMERATE_PROXY,Proxy 33,3,1,0,0,187
1670,1132.1072837834056,MISS_ENUMERATE_PROXY,Proxy 51,2,1,0,0,187
1671,1133.62941394259,MISS_ENUMERATE_PROXY,Proxy 181,4,3,0,0,187
1672,1135.663177301638,MISS_ENUMERATE_PROXY,Proxy 60,2,4,0,0,187
1673,1138.4230669388796,MISS_ENUMERATE_PROXY,Proxy 115,2,2,0,0,187
1674,1141.3497201983948,MISS_ENUMERATE_PROXY,Proxy 153,9,4,0,0,187
1675,1143.9974418252316,MISS_ENUMERATE_PROXY,Proxy 140,0,2,0,0,187
1676,1144.0953577069981,MISS_ENUMERATE_PROXY,Proxy 154,3,2,0,0,187
1677,1144.183488481183,MISS_ENUMERATE_PROXY,Proxy 179,4,3,0,0,187
1678,1145.1451263205938,MISS_ENUMERATE_PROXY,Proxy 166,5,1,0,0,187
1679,1148.9078060612158,MISS_ENUMERATE_PROXY,Proxy 43,1,4,0,0,187
1680,1149.4758173212049,MISS_ENUMERATE_PROXY,Proxy 158,0,4,0,0,187
1681,1154.3345741729408,ENUMERATE_PROXY,Proxy 184,6,0,0,0,188
1682,1157.135148088167,MISS_ENUMERATE_PROXY,Proxy 76,3,2,0,0,188
1683,1160.669822489111,MISS_ENUMERATE_PROXY,Proxy 161,1,2,0,0,188
1684,1160.8968116509202,MISS_ENUMERATE_PROXY,Proxy 91,1,4,0,0,188
1685,1162.011536627688,MISS_ENUMERATE_PROXY,Proxy 135,3,3,0,0,188
1686,1164.5767815150361,MISS_ENUMERATE_PROXY,Proxy 35,4,2,0,0,188
1687,1166.1281511503314,MISS_ENUMERATE_PROXY,Proxy 93,0,4,0,0,188
1688,1169.974366749114,MISS_ENUMERATE_PROXY,Proxy 100,3,5,0,0,188
1689,1173.7285927414905,MISS_ENUMERATE_PROXY,Proxy 113,5,2,0,0,188
1690,1174.4636972186183,MISS_ENUMERATE_PROXY,Proxy 146,4,1,0,0,188
1691,1177.5740420176232,MISS_ENUMERATE_PROXY,Proxy 169,3,3,0,0,188
1692,1178.806893288587,MISS_ENUMERATE_PROXY,Proxy 48,4,3,0,0,188
1693,1182.5718133956655,MISS_ENUMERATE_PROXY,Proxy 174,1,4,0,0,188
1694,1183.6406270224052,MISS_ENUMERATE_PROXY,Proxy 177,4,1,0,0,188
1695,1184.134597324338,MISS_ENUMERATE_PROXY,Proxy 134,5,2,0,0,188
1696,1185.01589227818,MISS_ENUMERATE_PROXY,Proxy 33,3,2,0,0,188
1697,1188.1779236112152,MISS_ENUMERATE_PROXY,Proxy 195,7,2,0,0,188
1698,1191.8115176991696,MISS_ENUMERATE_PROXY,Proxy 34,2,4,0,0,188
1699,1195.381424725867,MISS_ENUMERATE_PROXY,Proxy 51,3,2,0,0,188
1700,1195.419290564008,ENUMERATE_PROXY,Proxy 96,3,0,0,0,189
1701,1195.8320618559796,MISS_ENUMERATE_PROXY,Proxy 43,1,5,0,0,189
1702,1205.8775436707326,MISS_ENUMERATE_PROXY,Proxy 98,1,2,0,0,189
1703,1212.2682076245294,MISS_ENUMERATE_PROXY,Proxy 26,1,4,0,0,189
1704,1213.032274413494,MISS_ENUMERATE_PROXY,Proxy 187,0,4,0,0,189
1705,1213.1086573768387,MISS_ENUMERATE_PROXY,Proxy 187,0,5,0,0,189
1706,1213.1670943576446,MISS_ENUMERATE_PROXY,Proxy 20,2,5,0,0,189
1707,1214.6836479344554,MISS_ENUMERATE_PROXY,Proxy 87,3,3,0,0,189
1708,1216.109114260764,MISS_ENUMERATE_PROXY,Proxy 19,2,4,0,0,189
1709,1225.8065575467008,MISS_ENUMERATE_PROXY,Proxy 53,5,2,0,0,189
1710,1226.396904647278,MISS_ENUMERATE_PROXY,Proxy 76,3,3,0,0,189
1711,1226.4802496994428,MISS_ENUMERATE_PROXY,Proxy 13,1,2,0,0,189
1712,1227.9354443222599,MISS_ENUMERATE_PROXY,Proxy 113,5,3,0,0,189
1713,1228.611879613323,MISS_ENUMERATE_PROXY,Proxy 29,4,4,0,0,189
1714,1243.0162913294605,MISS_ENUMERATE_PROXY,Proxy 145,0,2,0,0,189
1715,1246.206256838226,MISS_ENUMERATE_PROXY,Proxy 86,3,2,0,0,189
1716,1248.4113371740045,MISS_ENUMERATE_PROXY,Proxy 59,3,6,0,0,189
1717,1250.4139026730932,MISS_ENUMERATE_PROXY,Proxy 143,4,9,0,0,189
1718,1251.3517094574463,MISS_ENUMERATE_PROXY,Proxy 196,1,3,0,0,189
1719,1251.7224664300954,MISS_ENUMERATE_PROXY,Proxy 100,3,6,0,0,189
1720,1253.519717494497,MISS_ENUMERATE_PROXY,Proxy 174,2,5,0,0,189
1721,1254.7029695262418,ENUMERATE_PROXY,Proxy 121,0,0,0,0,190
1722,1255.0650033885008,MISS_ENUMERATE_PROXY,Proxy 48,4,4,0,0,190
1723,1255.6476286825173,MISS_ENUMERATE_PROXY,Proxy 71,2,2,0,0,190
1724,1257.6236968236578,MISS_ENUMERATE_PROXY,Proxy 145,0,3,0,0,190
1725,1260.047851624976,MISS_ENUMERATE_PROXY,Proxy 51,3,3,0,0,190
1726,1261.2562295113562,MISS_ENUMERATE_PROXY,Proxy 60,2,5,0,0,190
1727,1265.0658457291302,MISS_ENUMERATE_PROXY,Proxy 90,4,4,0,0,190
1728,1265.964767880961,MISS_ENUMERATE_PROXY,Proxy 135,3,4,0,0,190
1729,1268.9040219561098,MISS_ENUMERATE_PROXY,Proxy 29,4,5,0,0,190
1730,1269.3467743903755,MISS_ENUMERATE_PROXY,Proxy 22,4,4,0,0,190
1731,1272.9787584256308,MISS_ENUMERATE_PROXY,Proxy 129,6,4,0,0,190
1732,1275.3408816483134,MISS_ENUMERATE_PROXY,Proxy 160,4,2,0,0,190
1733,1276.1919192483733,MISS_ENUMERATE_PROXY,Proxy 132,2,1,0,0,190
1734,1278.6254667200428,MISS_ENUMERATE_PROXY,Proxy 155,1,5,0,0,190
1735,1286.7845339500118,MISS_ENUMERATE_PROXY,Proxy 161,1,3,0,0,190
1736,1289.033589238535,MISS_ENUMERATE_PROXY,Proxy 61,3,5,0,0,190
1737,1289.6831226388636,MISS_ENUMERATE_PROXY,Proxy 176,3,4,0,0,190
1738,1290.6999792959555,MISS_ENUMERATE_PROXY,Proxy 191,3,3,0,0,190
1739,1290.870014041501,ENUMERATE_PROXY,Proxy 133,4,0,0,0,191
1740,1292.1883751984064,MISS_ENUMERATE_PROXY,Proxy 32,4,5,0,0,191
1741,1295.6741108255503,MISS_ENUMERATE_PROXY,Proxy 153,11,5,0,0,191
1742,1298.386702278496,MISS_ENUMERATE_PROXY,Proxy 12,3,3,0,0,191
1743,1304.4756343439983,MISS_ENUMERATE_PROXY,Proxy 93,1,5,0,0,191
1744,1308.368896062264,MISS_ENUMERATE_PROXY,Proxy 162,1,4,0,0,191
1745,1309.8251463832144,MISS_ENUMERATE_PROXY,Proxy 48,4,5,0,0,191
1746,1310.1542523387043,MISS_ENUMERATE_PROXY,Proxy 162,1,5,0,0,191
1747,1312.780414127223,MISS_ENUMERATE_PROXY,Proxy 137,1,6,0,0,191
1748,1313.8467792599258,MISS_ENUMERATE_PROXY,Proxy 107,5,4,0,0,191
1749,1315.0889676166707,MISS_ENUMERATE_PROXY,Proxy 47,2,3,0,0,191
1750,1316.3954439837655,MISS_ENUMERATE_PROXY,Proxy 75,4,1,0,0,191
1751,1318.798487372084,MISS_ENUMERATE_PROXY,Proxy 192,2,1,0,0,191
1752,1323.739180231156,MISS_ENUMERATE_PROXY,Proxy 198,3,4,0,0,191
1753,1324.9334731332515,MISS_ENUMERATE_PROXY,Proxy 3,3,1,0,0,191
1754,1325.2767095650486,ENUMERATE_PROXY,Proxy 194,1,0,0,0,192
1755,1329.1146676553744,MISS_ENUMERATE_PROXY,Proxy 36,1,2,0,0,192
1756,1330.3311619116716,MISS_ENUMERATE_PROXY,Proxy 60,3,6,0,0,192
1757,1331.4908329756397,MISS_ENUMERATE_PROXY,Proxy 43,1,6,0,0,192
1758,1334.0631610477487,MISS_ENUMERATE_PROXY,Proxy 49,5,3,0,0,192
1759,1336.1107454326136,MISS_ENUMERATE_PROXY,Proxy 14,1,5,0,0,192
1760,1337.2333005577423,MISS_ENUMERATE_PROXY,Proxy 158,0,5,0,0,192
1761,1346.400589110825,MISS_ENUMERATE_PROXY,Proxy 140,0,3,0,0,192
1762,1349.3730248403076,MISS_ENUMERATE_PROXY,Proxy 191,3,4,0,0,192
1763,1350.4515013929388,MISS_ENUMERATE_PROXY,Proxy 151,6,2,0,0,192
1764,1354.6205919711483,MISS_ENUMERATE_PROXY,Proxy 142,3,4,0,0,192
1765,1355.8593302548047,MISS_ENUMERATE_PROXY,Proxy 123,3,4,0,0,192
1766,1356.3514683117896,MISS_ENUMERATE_PROXY,Proxy 47,2,4,0,0,192
1767,1357.1584202295214,MISS_ENUMERATE_PROXY,Proxy 107,5,5,0,0,192
1768,1361.4904081998193,MISS_ENUMERATE_PROXY,Proxy 1,3,2,0,0,192
1769,1363.3632000345772,MISS_ENUMERATE_PROXY,Proxy 92,2,2,0,0,192
1770,1364.7733484721712,MISS_ENUMERATE_PROXY,Proxy 18,8,3,0,0,192
1771,1371.4711740213213,MISS_ENUMERATE_PROXY,Proxy 69,3,5,0,0,192
1772,1376.1279265848098,MISS_ENUMERATE_PROXY,Proxy 85,3,3,0,0,192
1773,1376.2390653561831,MISS_ENUMERATE_PROXY,Proxy 117,2,3,0,0,192
1774,1377.0901964931963,MISS_ENUMERATE_PROXY,Proxy 132,3,2,0,0,192
1775,1380.0400310032142,MISS_ENUMERATE_PROXY,Proxy 80,4,2,0,0,192
1776,1380.6901039810116,MISS_ENUMERATE_PROXY,Proxy 143,5,10,0,0,192
1777,1382.192689197386,ENUMERATE_PROXY,Proxy 180,5,0,0,0,193
1778,1382.684797993006,MISS_ENUMERATE_PROXY,Proxy 168,5,3,0,0,193
1779,1384.4918673683565,MISS_ENUMERATE_PROXY,Proxy 5,2,5,0,0,193
1780,1389.7701519456305,MISS_ENUMERATE_PROXY,Proxy 179,4,4,0,0,193
1781,1395.6161220569165,MISS_ENUMERATE_PROXY,Proxy 153,11,6,0,0,193
1782,1397.3793431787133,MISS_ENUMERATE_PROXY,Proxy 94,4,3,0,0,193
1783,1400.4306765543777,MISS_ENUMERATE_PROXY,Proxy 6,3,3,0,0,193
1784,1400.4859073897564,MISS_ENUMERATE_PROXY,Proxy 31,4,3,0,0,193
1785,1403.9036964667355,MISS_ENUMERATE_PROXY,Proxy 124,5,4,0,0,193
1786,1407.725612848909,MISS_ENUMERATE_PROXY,Proxy 157,3,3,0,0,193
1787,1408.7284952540615,MISS_ENUMERATE_PROXY,Proxy 20,3,6,0,0,193
1788,1409.0125877126738,MISS_ENUMERATE_PROXY,Proxy 170,2,4,0,0,193
1789,1411.6609463090322,MISS_ENUMERATE_PROXY,Proxy 25,1,2,0,0,193
1790,1413.3023086813014,MISS_ENUMERATE_PROXY,Proxy 69,4,6,0,0,193
1791,1419.6400875459215,MISS_ENUMERATE_PROXY,Proxy 183,1,4,0,0,193
1792,1432.2362993372315,MISS_ENUMERATE_PROXY,Proxy 71,2,3,0,0,193
1793,1442.6359386244108,ENUMERATE_PROXY,Proxy 65,4,0,0,0,194
1794,1442.834381906988,MISS_ENUMERATE_PROXY,Proxy 28,2,1,0,0,194
1795,1442.9032248210297,MISS_ENUMERATE_PROXY,Proxy 83,4,8,0,0,194
1796,1446.5157358482772,MISS_ENUMERATE_PROXY,Proxy 105,3,6,0,0,194
1797,1450.5984680302327,MISS_ENUMERATE_PROXY,Proxy 143,5,11,0,0,194
1798,1451.6028952481752,ENUMERATE_PROXY,Proxy 148,8,0,0,0,195
1799,1451.9585423532944,MISS_ENUMERATE_PROXY,Proxy 128,3,5,0,0,195
1800,1454.3016455832894,MISS_ENUMERATE_PROXY,Proxy 31,4,4,0,0,195
1801,1461.3565622775916,MISS_ENUMERATE_PROXY,Proxy 117,2,4,0,0,195
1802,1461.4753955918713,MISS_ENUMERATE_PROXY,Proxy 20,3,7,0,0,195
1803,1461.4767477984615,MISS_ENUMERATE_PROXY,Proxy 12,4,4,0,0,195
1804,1463.456834342511,MISS_ENUMERATE_PROXY,Proxy 39,1,2,0,0,195
1805,1470.9337355508428,MISS_ENUMERATE_PROXY,Proxy 177,6,2,0,0,195
1806,1472.1907788421547,MISS_ENUMERATE_PROXY,Proxy 24,3,8,0,0,195
1807,1472.9733104884651,MISS_ENUMERATE_PROXY,Proxy 97,2,1,0,0,195
1808,1476.1787751053362,MISS_ENUMERATE_PROXY,Proxy 45,2,4,0,0,195
1809,1477.1602015366664,MISS_ENUMERATE_PROXY,Proxy 4,3,2,0,0,195
1810,1477.194159873802,MISS_ENUMERATE_PROXY,Proxy 31,4,5,0,0,195
1811,1478.0569697680376,MISS_ENUMERATE_PROXY,Proxy 172,3,7,0,0,195
1812,1481.0346804471365,MISS_ENUMERATE_PROXY,Proxy 175,1,3,0,0,195
1813,1485.7960953752954,MISS_ENUMERATE_PROXY,Proxy 28,2,2,0,0,195
1814,1487.366991384237,MISS_ENUMERATE_PROXY,Proxy 171,2,5,0,0,195
1815,1493.8030873674122,MISS_ENUMERATE_PROXY,Proxy 55,3,2,0,0,195
1816,1494.9105485888983,MISS_ENUMERATE_PROXY,Proxy 181,4,4,0,0,195
1817,1495.753968483709,MISS_ENUMERATE_PROXY,Proxy 18,8,4,0,0,195
1818,1500.200097310909,MISS_ENUMERATE_PROXY,Proxy 135,4,5,0,0,195
1819,1500.6993614961207,MISS_ENUMERATE_PROXY,Proxy 95,1,2,0,0,195
1820,1502.96470109136,MISS_ENUMERATE_PROXY,Proxy 184,6,1,0,0,195
1821,1504.4320842800175,MISS_ENUMERATE_PROXY,Proxy 197,4,5,0,0,195
1822,1504.6866226813677,MISS_ENUMERATE_PROXY,Proxy 6,4,4,0,0,195
1823,1504.852454527861,MISS_ENUMERATE_PROXY,Proxy 97,2,2,0,0,195
1824,1505.4946425800188,MISS_ENUMERATE_PROXY,Proxy 26,1,5,0,0,195
1825,1505.706775287842,MISS_ENUMERATE_PROXY,Proxy 196,1,4,0,0,195
1826,1507.8669824130054,MISS_ENUMERATE_PROXY,Proxy 115,3,3,0,0,195
1827,1509.7792219393345,MISS_ENUMERATE_PROXY,Proxy 138,5,4,0,0,195
1828,1510.0500911358868,MISS_ENUMERATE_PROXY,Proxy 145,0,4,0,0,195
1829,1515.1563947381235,MISS_ENUMERATE_PROXY,Proxy 193,6,3,0,0,195
1830,1519.4111113705737,MISS_ENUMERATE_PROXY,Proxy 24,3,9,0,0,195
1831,1519.9687490841354,MISS_ENUMERATE_PROXY,Proxy 122,1,2,0,0,195
1832,1520.378781653738,MISS_ENUMERATE_PROXY,Proxy 73,6,5,0,0,195
1833,1520.7671083918374,MISS_ENUMERATE_PROXY,Proxy 103,5,6,0,0,195
1834,1521.1384224934911,MISS_ENUMERATE_PROXY,Proxy 60,5,7,0,0,195
1835,1521.6174365424517,MISS_ENUMERATE_PROXY,Proxy 73,6,6,0,0,195
1836,1522.2245216156043,MISS_ENUMERATE_PROXY,Proxy 62,4,1,0,0,195
1837,1523.893278215176,MISS_ENUMERATE_PROXY,Proxy 145,0,5,0,0,195
1838,1525.46697568782,MISS_ENUMERATE_PROXY,Proxy 146,4,2,0,0,195
1839,1525.5584261157717,MISS_ENUMERATE_PROXY,Proxy 88,7,7,0,0,195
1840,1526.9641822299272,MISS_ENUMERATE_PROXY,Proxy 174,3,6,0,0,195
1841,1527.104064166138,MISS_ENUMERATE_PROXY,Proxy 149,4,2,0,0,195
1842,1529.5352616459545,MISS_ENUMERATE_PROXY,Proxy 97,2,3,0,0,195
1843,1529.6738790030508,MISS_ENUMERATE_PROXY,Proxy 73,6,7,0,0,195
1844,1530.1834590941742,MISS_ENUMERATE_PROXY,Proxy 25,2,3,0,0,195
1845,1531.5053978884027,MISS_ENUMERATE_PROXY,Proxy 18,8,5,0,0,195
1846,1533.4987131658022,MISS_ENUMERATE_PROXY,Proxy 32,4,6,0,0,195
1847,1533.6902986204755,MISS_ENUMERATE_PROXY,Proxy 186,5,6,0,0,195
1848,1534.682460925327,MISS_ENUMERATE_PROXY,Proxy 39,2,3,0,0,195
1849,1534.8861908704043,MISS_ENUMERATE_PROXY,Proxy 19,2,5,0,0,195
1850,1536.8546716940334,MISS_ENUMERATE_PROXY,Proxy 8,2,2,0,0,195
1851,1540.2312149702184,MISS_ENUMERATE_PROXY,Proxy 143,6,12,0,0,195
1852,1542.30648381274,MISS_ENUMERATE_PROXY,Proxy 158,1,6,0,0,195
1853,1547.2820272367933,MISS_ENUMERATE_PROXY,Proxy 65,4,1,0,0,195
1854,1551.7007748848541,MISS_ENUMERATE_PROXY,Proxy 174,3,7,0,0,195
1855,1552.8489649609119,MISS_ENUMERATE_PROXY,Proxy 115,3,4,0,0,195
1856,1557.4699752970296,MISS_ENUMERATE_PROXY,Proxy 165,3,5,0,0,195
1857,1572.399253215049,MISS_ENUMERATE_PROXY,Proxy 18,9,6,0,0,195
1858,1573.6742772765358,MISS_ENUMERATE_PROXY,Proxy 8,2,3,0,0,195
1859,1576.081423842499,MISS_ENUMERATE_PROXY,Proxy 122,1,3,0,0,195
1860,1582.3557049430633,ENUMERATE_PROXY,Proxy 58,6,0,0,0,196
1861,1583.9405099247622,MISS_ENUMERATE_PROXY,Proxy 68,0,1,0,0,196
1862,1585.3758263880175,ENUMERATE_PROXY,Proxy 120,1,0,0,0,197
1863,1587.2490477654007,MISS_ENUMERATE_PROXY,Proxy 109,2,1,0,0,197
1864,1594.1447585235073,MISS_ENUMERATE_PROXY,Proxy 105,3,7,0,0,197
1865,1596.4521856096942,MISS_ENUMERATE_PROXY,Proxy 36,4,3,0,0,197
1866,1598.9978743738006,MISS_ENUMERATE_PROXY,Proxy 15,4,5,0,0,197
1867,1606.5858239632955,MISS_ENUMERATE_PROXY,Proxy 94,5,4,0,0,197
1868,1607.998750423644,MISS_ENUMERATE_PROXY,Proxy 129,9,5,0,0,197
1869,1609.3398930994165,MISS_ENUMERATE_PROXY,Proxy 23,3,1,0,0,197
1870,1609.5496777869387,MISS_ENUMERATE_PROXY,Proxy 138,5,5,0,0,197
1871,1611.0537534721554,MISS_ENUMERATE_PROXY,Proxy 74,4,2,0,0,197
1872,1618.693173910315,MISS_ENUMERATE_PROXY,Proxy 115,3,5,0,0,197
1873,1623.065802437827,MISS_ENUMERATE_PROXY,Proxy 8,2,4,0,0,197
1874,1624.2840353870931,MISS_ENUMERATE_PROXY,Proxy 110,7,4,0,0,197
1875,1628.416842159814,MISS_ENUMERATE_PROXY,Proxy 116,0,2,0,0,197
1876,1628.941856722182,MISS_ENUMERATE_PROXY,Proxy 126,3,1,0,0,197
1877,1630.8901707437085,MISS_ENUMERATE_PROXY,Proxy 63,3,1,0,0,197
1878,1631.5079461836353,MISS_ENUMERATE_PROXY,Proxy 144,2,3,0,0,197
1879,1636.1638695544536,MISS_ENUMERATE_PROXY,Proxy 23,3,2,0,0,197
1880,1638.0195932475349,MISS_ENUMERATE_PROXY,Proxy 90,6,5,0,0,197
1881,1641.3647073494033,MISS_ENUMERATE_PROXY,Proxy 116,0,3,0,0,197
1882,1641.8470535969464,MISS_ENUMERATE_PROXY,Proxy 175,2,4,0,0,197
1883,1644.3446590398473,MISS_ENUMERATE_PROXY,Proxy 103,6,7,0,0,197
1884,1649.7159952392667,MISS_ENUMERATE_PROXY,Proxy 44,4,5,0,0,197
1885,1653.448076508503,MISS_ENUMERATE_PROXY,Proxy 75,5,2,0,0,197
1886,1654.057761475007,MISS_ENUMERATE_PROXY,Proxy 119,2,1,0,0,197
1887,1656.802991383678,MISS_ENUMERATE_PROXY,Proxy 45,2,5,0,0,197
1888,1658.9149135510586,MISS_ENUMERATE_PROXY,Proxy 70,5,3,0,0,197
1889,1661.230372652525,MISS_ENUMERATE_PROXY,Proxy 185,4,3,0,0,197
1890,1661.5803522047875,MISS_ENUMERATE_PROXY,Proxy 0,5,1,0,0,197
1891,1661.6895911076858,MISS_ENUMERATE_PROXY,Proxy 186,5,7,0,0,197
1892,1662.4905516609367,MISS_ENUMERATE_PROXY,Proxy 80,4,3,0,0,197
1893,1664.6403579556645,MISS_ENUMERATE_PROXY,Proxy 142,5,5,0,0,197
1894,1666.4873622662215,MISS_ENUMERATE_PROXY,Proxy 150,3,3,0,0,197
1895,1666.969152477412,MISS_ENUMERATE_PROXY,Proxy 174,4,8,0,0,197
1896,1668.5324153014715,MISS_ENUMERATE_PROXY,Proxy 119,2,2,0,0,197
1897,1670.2103682552452,MISS_ENUMERATE_PROXY,Proxy 107,6,6,0,0,197
1898,1670.6884319104738,MISS_ENUMERATE_PROXY,Proxy 87,4,4,0,0,197
1899,1673.6820669666063,MISS_ENUMERATE_PROXY,Proxy 131,1,4,0,0,197
1900,1678.5368376594827,MISS_ENUMERATE_PROXY,Proxy 68,1,2,0,0,197
1901,1678.5455883925292,MISS_ENUMERATE_PROXY,Proxy 80,4,4,0,0,197
1902,1679.0877683157178,MISS_ENUMERATE_PROXY,Proxy 33,3,3,0,0,197
1903,1684.2532471622378,MISS_ENUMERATE_PROXY,Proxy 154,5,3,0,0,197
1904,1684.4912114768572,MISS_ENUMERATE_PROXY,Proxy 172,3,8,0,0,197
1905,1689.4372581289958,MISS_ENUMERATE_PROXY,Proxy 15,4,6,0,0,197
1906,1692.2161926791719,MISS_ENUMERATE_PROXY,Proxy 109,2,2,0,0,197
1907,1694.6923326341487,MISS_ENUMERATE_PROXY,Proxy 87,4,5,0,0,197
1908,1698.5137762136658,MISS_ENUMERATE_PROXY,Proxy 27,4,4,0,0,197
1909,1699.887974275767,MISS_ENUMERATE_PROXY,Proxy 199,4,3,0,0,197
1910,1703.7359439080415,MISS_ENUMERATE_PROXY,Proxy 123,3,5,0,0,197
1911,1703.8643989476798,MISS_ENUMERATE_PROXY,Proxy 175,2,5,0,0,197
1912,1704.3717609580776,MISS_ENUMERATE_PROXY,Proxy 145,0,6,0,0,197
1913,1704.8928510601854,MISS_ENUMERATE_PROXY,Proxy 10,1,4,0,0,197
1914,1705.8746312874987,MISS_ENUMERATE_PROXY,Proxy 92,2,3,0,0,197
1915,1706.6987402857503,MISS_ENUMERATE_PROXY,Proxy 144,2,4,0,0,197
1916,1708.398448448669,MISS_ENUMERATE_PROXY,Proxy 67,11,6,0,0,197
1917,1709.8185526776263,MISS_ENUMERATE_PROXY,Proxy 182,1,5,0,0,197
1918,1710.696372726371,MISS_ENUMERATE_PROXY,Proxy 159,5,1,0,0,197
1919,1710.7224005829594,MISS_ENUMERATE_PROXY,Proxy 147,3,2,0,0,197
1920,1719.780313011146,MISS_ENUMERATE_PROXY,Proxy 159,5,2,0,0,197
1921,1722.0699875641146,MISS_ENUMERATE_PROXY,Proxy 153,11,7,0,0,197
1922,1723.0463048097945,MISS_ENUMERATE_PROXY,Proxy 147,3,3,0,0,197
1923,1724.028972110983,MISS_ENUMERATE_PROXY,Proxy 193,7,4,0,0,197
1924,1725.3108537209353,MISS_ENUMERATE_PROXY,Proxy 9,4,4,0,0,197
1925,1731.6157332487662,MISS_ENUMERATE_PROXY,Proxy 155,4,6,0,0,197
1926,1734.365206983019,MISS_ENUMERATE_PROXY,Proxy 64,8,4,0,0,197
1927,1734.8707605588522,MISS_ENUMERATE_PROXY,Proxy 145,0,7,0,0,197
1928,1738.2442305855561,MISS_ENUMERATE_PROXY,Proxy 134,6,3,0,0,197
1929,1745.7995386267219,MISS_ENUMERATE_PROXY,Proxy 22,6,5,0,0,197
1930,1746.819912057241,MISS_ENUMERATE_PROXY,Proxy 92,2,4,0,0,197
1931,1748.6845135329222,ENUMERATE_PROXY,Proxy 136,6,0,0,0,198
1932,1750.8304093885677,MISS_ENUMERATE_PROXY,Proxy 167,10,5,0,0,198
1933,1751.7718793272038,MISS_ENUMERATE_PROXY,Proxy 169,4,4,0,0,198
1934,1753.4761857406156,MISS_ENUMERATE_PROXY,Proxy 166,6,2,0,0,198
1935,1754.9398722364785,MISS_ENUMERATE_PROXY,Proxy 193,7,5,0,0,198
1936,1758.8907382468506,MISS_ENUMERATE_PROXY,Proxy 198,4,5,0,0,198
1937,1761.2681575852046,MISS_ENUMERATE_PROXY,Proxy 32,4,7,0,0,198
1938,1762.1519309706723,MISS_ENUMERATE_PROXY,Proxy 190,5,5,0,0,198
1939,1762.830141625657,MISS_ENUMERATE_PROXY,Proxy 130,4,2,0,0,198
1940,1763.0320823409686,MISS_ENUMERATE_PROXY,Proxy 28,3,3,0,0,198
1941,1765.9346602848634,MISS_ENUMERATE_PROXY,Proxy 29,6,6,0,0,198
1942,1766.7064826382589,MISS_ENUMERATE_PROXY,Proxy 174,4,9,0,0,198
1943,1769.4540898476325,MISS_ENUMERATE_PROXY,Proxy 170,3,5,0,0,198
1944,1770.030984604475,MISS_ENUMERATE_PROXY,Proxy 187,1,6,0,0,198
1945,1775.9653387250655,MISS_ENUMERATE_PROXY,Proxy 99,4,3,0,0,198
1946,1776.2533538583014,MISS_ENUMERATE_PROXY,Proxy 65,4,2,0,0,198
1947,1776.862169803663,MISS_ENUMERATE_PROXY,Proxy 41,7,3,0,0,198
1948,1778.117825862966,MISS_ENUMERATE_PROXY,Proxy 124,5,5,0,0,198
1949,1779.039778588694,MISS_ENUMERATE_PROXY,Proxy 120,1,1,0,0,198
1950,1780.0973963017577,MISS_ENUMERATE_PROXY,Proxy 113,7,4,0,0,198
1951,1781.7179267155734,MISS_ENUMERATE_PROXY,Proxy 4,5,3,0,0,198
1952,1782.9654422349481,MISS_ENUMERATE_PROXY,Proxy 192,3,2,0,0,198
1953,1783.3406329523302,MISS_ENUMERATE_PROXY,Proxy 106,2,3,0,0,198
1954,1784.5785406315251,MISS_ENUMERATE_PROXY,Proxy 135,4,6,0,0,198
1955,1786.0503298904491,MISS_ENUMERATE_PROXY,Proxy 90,6,6,0,0,198
1956,1788.6171920541042,MISS_ENUMERATE_PROXY,Proxy 6,6,5,0,0,198
1957,1788.693259706861,MISS_ENUMERATE_PROXY,Proxy 65,4,3,0,0,198
1958,1791.1070824216858,MISS_ENUMERATE_PROXY,Proxy 118,1,1,0,0,198
1959,1792.2618498654408,MISS_ENUMERATE_PROXY,Proxy 63,3,2,0,0,198
1960,1792.9786150761738,MISS_ENUMERATE_PROXY,Proxy 103,6,8,0,0,198
1961,1793.5731787684654,MISS_ENUMERATE_PROXY,Proxy 185,4,4,0,0,198
1962,1795.8829011781088,MISS_ENUMERATE_PROXY,Proxy 53,6,3,0,0,198
1963,1798.4185138767286,MISS_ENUMERATE_PROXY,Proxy 169,4,5,0,0,198
1964,1801.5418134103716,MISS_ENUMERATE_PROXY,Proxy 71,3,4,0,0,198
1965,1802.1501911652479,MISS_ENUMERATE_PROXY,Proxy 133,5,1,0,0,198
1966,1803.846573509667,MISS_ENUMERATE_PROXY,Proxy 182,1,6,0,0,198
1967,1808.5605842315751,MISS_ENUMERATE_PROXY,Proxy 165,3,6,0,0,198
1968,1808.7410280386723,MISS_ENUMERATE_PROXY,Proxy 67,11,7,0,0,198
1969,1812.683232548809,MISS_ENUMERATE_PROXY,Proxy 125,5,4,0,0,198
1970,1815.513634308452,MISS_ENUMERATE_PROXY,Proxy 104,5,5,0,0,198
1971,1816.5619496447357,MISS_ENUMERATE_PROXY,Proxy 21,7,1,0,0,198
1972,1817.7986563625748,MISS_ENUMERATE_PROXY,Proxy 32,4,8,0,0,198
1973,1819.0153817207097,MISS_ENUMERATE_PROXY,Proxy 57,6,2,0,0,198
1974,1819.8645569066696,ENUMERATE_PROXY,Proxy 66,9,0,0,0,199
1975,1821.505821949522,MISS_ENUMERATE_PROXY,Proxy 198,4,6,0,0,199
1976,1824.9713779892647,MISS_ENUMERATE_PROXY,Proxy 197,4,6,0,0,199
1977,1829.0777254614345,MISS_ENUMERATE_PROXY,Proxy 65,4,4,0,0,199
1978,1833.129802698509,MISS_ENUMERATE_PROXY,Proxy 30,5,3,0,0,199
1979,1841.881415046357,MISS_ENUMERATE_PROXY,Proxy 81,5,3,0,0,199
1980,1842.1698517606026,MISS_ENUMERATE_PROXY,Proxy 60,7,8,0,0,199
1981,1848.9689717908661,MISS_ENUMERATE_PROXY,Proxy 115,4,6,0,0,199
1982,1850.3026847149965,MISS_ENUMERATE_PROXY,Proxy 153,11,8,0,0,199
1983,1852.1955898057608,MISS_ENUMERATE_PROXY,Proxy 34,2,5,0,0,199
1984,1861.7287160172186,MISS_ENUMERATE_PROXY,Proxy 17,4,1,0,0,199
1985,1865.05466130545,MISS_ENUMERATE_PROXY,Proxy 102,4,1,0,0,199
1986,1869.1394849183412,MISS_ENUMERATE_PROXY,Proxy 88,8,8,0,0,199
1987,1870.9093673015445,MISS_ENUMERATE_PROXY,Proxy 49,7,4,0,0,199
1988,1876.1346464183903,MISS_ENUMERATE_PROXY,Proxy 80,4,5,0,0,199
1989,1877.7102132857376,MISS_ENUMERATE_PROXY,Proxy 132,3,3,0,0,199
1990,1880.471399333962,MISS_ENUMERATE_PROXY,Proxy 122,2,4,0,0,199
1991,1880.704755471294,MISS_ENUMERATE_PROXY,Proxy 28,3,4,0,0,199
1992,1886.388249991413,MISS_ENUMERATE_PROXY,Proxy 182,1,7,0,0,199
1993,1886.716235764291,MISS_ENUMERATE_PROXY,Proxy 123,3,6,0,0,199
1994,1887.8166929606734,MISS_ENUMERATE_PROXY,Proxy 119,4,3,0,0,199
1995,1891.2918155866653,MISS_ENUMERATE_PROXY,Proxy 123,3,7,0,0,199
1996,1896.5598151516613,MISS_ENUMERATE_PROXY,Proxy 150,3,4,0,0,199
1997,1896.5781482310506,MISS_ENUMERATE_PROXY,Proxy 135,6,7,0,0,199
1998,1898.8776362229185,MISS_ENUMERATE_PROXY,Proxy 42,1,1,0,0,199
1999,1902.6724605587456,MISS_ENUMERATE_PROXY,Proxy 82,1,3,0,0,199
2000,1904.9767822544238,MISS_ENUMERATE_PROXY,Proxy 59,3,7,0,0,199
2001,1905.8690630234134,MISS_ENUMERATE_PROXY,Proxy 181,6,5,0,0,199
2002,1906.0595686184054,MISS_ENUMERATE_PROXY,Proxy 66,10,1,0,0,199
2003,1906.303479583416,MISS_ENUMERATE_PROXY,Proxy 190,5,6,0,0,199
2004,1909.0123118509728,MISS_ENUMERATE_PROXY,Proxy 54,4,5,0,0,199
2005,1909.102559468292,MISS_ENUMERATE_PROXY,Proxy 47,2,5,0,0,199
2006,1909.6878961211937,MISS_ENUMERATE_PROXY,Proxy 33,3,4,0,0,199
2007,1909.8630260638636,MISS_ENUMERATE_PROXY,Proxy 148,8,1,0,0,199
2008,1910.0361131878674,MISS_ENUMERATE_PROXY,Proxy 87,6,6,0,0,199
2009,1910.398191051385,MISS_ENUMERATE_PROXY,Proxy 128,3,6,0,0,199
2010,1914.5462215051084,MISS_ENUMERATE_PROXY,Proxy 157,4,4,0,0,199
2011,1916.0249209685098,MISS_ENUMERATE_PROXY,Proxy 17,4,2,0,0,199
2012,1917.161825294934,MISS_ENUMERATE_PROXY,Proxy 12,5,5,0,0,199
2013,1918.7884647927815,MISS_ENUMERATE_PROXY,Proxy 196,1,5,0,0,199
2014,1920.1797176216114,MISS_ENUMERATE_PROXY,Proxy 109,3,3,0,0,199
2015,1925.1951349699682,MISS_ENUMERATE_PROXY,Proxy 19,2,6,0,0,199
2016,1926.0786946777305,MISS_ENUMERATE_PROXY,Proxy 140,0,4,0,0,199
2017,1928.1876562531158,MISS_ENUMERATE_PROXY,Proxy 86,4,3,0,0,199
2018,1928.8616015211724,MISS_ENUMERATE_PROXY,Proxy 166,6,3,0,0,199
2019,1930.1937191488394,MISS_ENUMERATE_PROXY,Proxy 146,6,3,0,0,199
2020,1931.0777855208778,MISS_ENUMERATE_PROXY,Proxy 84,5,2,0,0,199
2021,1931.3269288434144,MISS_ENUMERATE_PROXY,Proxy 132,3,4,0,0,199
2022,1932.060644035637,MISS_ENUMERATE_PROXY,Proxy 101,4,2,0,0,199
2023,1933.1567259824915,MISS_ENUMERATE_PROXY,Proxy 188,7,3,0,0,199
2024,1933.4012924976823,MISS_ENUMERATE_PROXY,Proxy 115,4,7,0,0,199
2025,1938.1488079864907,MISS_ENUMERATE_PROXY,Proxy 42,1,2,0,0,199
2026,1939.0169573205803,MISS_ENUMERATE_PROXY,Proxy 100,5,7,0,0,199
2027,1941.9455157182822,MISS_ENUMERATE_PROXY,Proxy 144,2,5,0,0,199
2028,1942.343553398556,MISS_ENUMERATE_PROXY,Proxy 131,1,5,0,0,199
2029,1942.8019173992568,MISS_ENUMERATE_PROXY,Proxy 197,4,7,0,0,199
2030,1943.3595157317957,MISS_ENUMERATE_PROXY,Proxy 102,4,2,0,0,199
2031,1944.924563559383,MISS_ENUMERATE_PROXY,Proxy 141,6,3,0,0,199
2032,1946.2453351920221,MISS_ENUMERATE_PROXY,Proxy 191,5,5,0,0,199
2033,1946.5854241613442,MISS_ENUMERATE_PROXY,Proxy 112,6,4,0,0,199
2034,1948.009765793086,MISS_ENUMERATE_PROXY,Proxy 184,6,2,0,0,199
2035,1948.4344288455002,MISS_ENUMERATE_PROXY,Proxy 14,3,6,0,0,199
2036,1950.5004006726108,MISS_ENUMERATE_PROXY,Proxy 150,3,5,0,0,199
2037,1951.9547753503737,MISS_ENUMERATE_PROXY,Proxy 134,6,4,0,0,199
2038,1952.9415273843788,MISS_ENUMERATE_PROXY,Proxy 50,3,1,0,0,199
2039,1954.352996065297,MISS_ENUMERATE_PROXY,Proxy 70,5,4,0,0,199
2040,1956.040010194459,MISS_ENUMERATE_PROXY,Proxy 78,2,4,0,0,199
2041,1956.6173054582794,MISS_ENUMERATE_PROXY,Proxy 93,1,6,0,0,199
2042,1960.0660269434914,MISS_ENUMERATE_PROXY,Proxy 42,1,3,0,0,199
2043,1960.6690077596018,MISS_ENUMERATE_PROXY,Proxy 130,5,3,0,0,199
2044,1969.000773848227,MISS_ENUMERATE_PROXY,Proxy 17,4,3,0,0,199
2045,1971.583575065163,MISS_ENUMERATE_PROXY,Proxy 131,1,6,0,0,199
2046,1972.1196009460111,MISS_ENUMERATE_PROXY,Proxy 156,2,3,0,0,199
2047,1973.0844800170325,MISS_ENUMERATE_PROXY,Proxy 135,6,8,0,0,199
2048,1973.2082806644069,MISS_ENUMERATE_PROXY,Proxy 185,4,5,0,0,199
2049,1974.8664192083465,MISS_ENUMERATE_PROXY,Proxy 167,12,6,0,0,199
2050,1976.2427127490964,MISS_ENUMERATE_PROXY,Proxy 199,5,4,0,0,199
2051,1977.661682261448,MISS_ENUMERATE_PROXY,Proxy 135,6,9,0,0,199
2052,1979.4202332527702,MISS_ENUMERATE_PROXY,Proxy 142,5,6,0,0,199
2053,1981.5520155233614,MISS_ENUMERATE_PROXY,Proxy 111,9,3,0,0,199
2054,1983.194901999887,MISS_ENUMERATE_PROXY,Proxy 164,4,5,0,0,199
2055,1986.8567587454115,MISS_ENUMERATE_PROXY,Proxy 80,4,6,0,0,199
2056,1995.100484194795,MISS_ENUMERATE_PROXY,Proxy 92,2,5,0,0,199
2057,1999.49540019093,MISS_ENUMERATE_PROXY,Proxy 63,4,3,0,0,199
2058,2000.8335473736652,MISS_ENUMERATE_PROXY,Proxy 44,4,6,0,0,199
2059,2001.231579551941,MISS_ENUMERATE_PROXY,Proxy 90,7,7,0,0,199
2060,2002.2188994751696,MISS_ENUMERATE_PROXY,Proxy 166,7,4,0,0,199
2061,2010.093800080448,MISS_ENUMERATE_PROXY,Proxy 180,6,1,0,0,199
2062,2013.5981289045037,MISS_ENUMERATE_PROXY,Proxy 186,5,8,0,0,199
2063,2013.6313958434062,MISS_ENUMERATE_PROXY,Proxy 8,5,5,0,0,199
2064,2016.7763512947063,MISS_ENUMERATE_PROXY,Proxy 12,5,6,0,0,199
2065,2017.8163414066894,MISS_ENUMERATE_PROXY,Proxy 193,7,6,0,0,199
2066,2020.479309013048,MISS_ENUMERATE_PROXY,Proxy 106,3,4,0,0,199
2067,2023.1651863735729,MISS_ENUMERATE_PROXY,Proxy 189,9,4,0,0,199
2068,2026.9558667390124,MISS_ENUMERATE_PROXY,Proxy 37,5,3,0,0,199
2069,2029.0813146567214,MISS_ENUMERATE_PROXY,Proxy 199,5,5,0,0,199
2070,2031.4715373349995,MISS_ENUMERATE_PROXY,Proxy 109,3,4,0,0,199
2071,2033.215849968816,MISS_ENUMERATE_PROXY,Proxy 174,5,10,0,0,199
2072,2034.393007133152,MISS_ENUMERATE_PROXY,Proxy 122,2,5,0,0,199
2073,2035.417280777307,MISS_ENUMERATE_PROXY,Proxy 43,1,7,0,0,199
2074,2036.4250214776243,MISS_ENUMERATE_PROXY,Proxy 17,4,4,0,0,199
2075,2036.6810770974532,MISS_ENUMERATE_PROXY,Proxy 173,5,3,0,0,199
2076,2039.8788859698434,MISS_ENUMERATE_PROXY,Proxy 177,6,3,0,0,199
2077,2042.0387173447439,MISS_ENUMERATE_PROXY,Proxy 196,2,6,0,0,199
2078,2045.085949081276,MISS_ENUMERATE_PROXY,Proxy 146,6,4,0,0,199
2079,2049.829888803911,MISS_ENUMERATE_PROXY,Proxy 134,6,5,0,0,199
2080,2050.053662990277,MISS_ENUMERATE_PROXY,Proxy 104,5,6,0,0,199
2081,2052.4278609230523,MISS_ENUMERATE_PROXY,Proxy 181,7,6,0,0,199
2082,2052.7502285119504,MISS_ENUMERATE_PROXY,Proxy 84,5,3,0,0,199
2083,2055.261022906032,MISS_ENUMERATE_PROXY,Proxy 83,4,9,0,0,199
2084,2057.631342983404,MISS_ENUMERATE_PROXY,Proxy 145,1,8,0,0,199
2085,2057.791639573142,MISS_ENUMERATE_PROXY,Proxy 32,5,9,0,0,199
2086,2057.826730387213,MISS_ENUMERATE_PROXY,Proxy 43,1,8,0,0,199
2087,2058.703140170194,MISS_ENUMERATE_PROXY,Proxy 67,11,8,0,0,199
2088,2063.4672151840264,MISS_ENUMERATE_PROXY,Proxy 121,4,1,0,0,199
2089,2066.536714822666,MISS_ENUMERATE_PROXY,Proxy 182,1,8,0,0,199
2090,2067.189443283205,MISS_ENUMERATE_PROXY,Proxy 117,3,5,0,0,199
2091,2068.9526666074394,MISS_ENUMERATE_PROXY,Proxy 148,8,2,0,0,199
2092,2069.629856108989,MISS_ENUMERATE_PROXY,Proxy 94,5,5,0,0,199
2093,2069.802516703825,MISS_ENUMERATE_PROXY,Proxy 31,5,6,0,0,199
2094,2070.8870998388306,MISS_ENUMERATE_PROXY,Proxy 44,4,7,0,0,199
2095,2072.6583928519008,MISS_ENUMERATE_PROXY,Proxy 62,5,2,0,0,199
2096,2078.5141686728593,MISS_ENUMERATE_PROXY,Proxy 159,5,3,0,0,199
2097,2082.6913140338584,MISS_ENUMERATE_PROXY,Proxy 42,1,4,0,0,199
2098,2086.5738577252187,MISS_ENUMERATE_PROXY,Proxy 153,11,9,0,0,199
2099,2089.9093490080472,MISS_ENUMERATE_PROXY,Proxy 24,5,10,0,0,199
2100,2097.302393349488,MISS_ENUMERATE_PROXY,Proxy 159,5,4,0,0,199
2101,2101.695518847341,MISS_ENUMERATE_PROXY,Proxy 112,6,5,0,0,199
2102,2101.7265935788814,MISS_ENUMERATE_PROXY,Proxy 23,5,3,0,0,199
2103,2105.479316685589,MISS_ENUMERATE_PROXY,Proxy 164,4,6,0,0,199
2104,2110.1985592197275,MISS_ENUMERATE_PROXY,Proxy 131,2,7,0,0,199
2105,2111.7203730979304,MISS_ENUMERATE_PROXY,Proxy 74,6,3,0,0,199
2106,2112.018367358708,MISS_ENUMERATE_PROXY,Proxy 185,6,6,0,0,199
2107,2115.5559398046285,MISS_ENUMERATE_PROXY,Proxy 32,5,10,0,0,199
2108,2115.5944775147004,MISS_ENUMERATE_PROXY,Proxy 168,8,4,0,0,199
2109,2116.1200995521763,MISS_ENUMERATE_PROXY,Proxy 40,9,2,0,0,199
2110,2117.3342406276984,MISS_ENUMERATE_PROXY,Proxy 87,6,7,0,0,199
2111,2119.5577003646613,MISS_ENUMERATE_PROXY,Proxy 188,8,4,0,0,199
2112,2120.058269014608,MISS_ENUMERATE_PROXY,Proxy 80,4,7,0,0,199
2113,2123.212030045221,MISS_ENUMERATE_PROXY,Proxy 169,4,6,0,0,199
2114,2124.7046498044274,MISS_ENUMERATE_PROXY,Proxy 27,5,5,0,0,199
2115,2126.1276427695784,MISS_ENUMERATE_PROXY,Proxy 130,5,4,0,0,199
2116,2127.697897834839,MISS_ENUMERATE_PROXY,Proxy 119,5,4,0,0,199
2117,2128.533386802271,MISS_ENUMERATE_PROXY,Proxy 111,9,4,0,0,199
2118,2129.1752362834923,MISS_ENUMERATE_PROXY,Proxy 197,4,8,0,0,199
2119,2132.813367840724,MISS_ENUMERATE_PROXY,Proxy 105,4,8,0,0,199
2120,2133.869945811205,MISS_ENUMERATE_PROXY,Proxy 33,4,5,0,0,199
2121,2136.248428451829,MISS_ENUMERATE_PROXY,Proxy 15,4,7,0,0,199
2122,2138.8901360389013,MISS_ENUMERATE_PROXY,Proxy 187,2,7,0,0,199
2123,2141.070095077758,MISS_ENUMERATE_PROXY,Proxy 173,6,4,0,0,199
2124,2146.912041344256,MISS_ENUMERATE_PROXY,Proxy 56,9,1,0,0,199
2125,2151.2770989928185,MISS_ENUMERATE_PROXY,Proxy 4,5,4,0,0,199
2126,2152.6931482503733,MISS_ENUMERATE_PROXY,Proxy 7,5,3,0,0,199
2127,2154.6340685955624,MISS_ENUMERATE_PROXY,Proxy 78,2,5,0,0,199
2128,2156.631379170776,MISS_ENUMERATE_PROXY,Proxy 186,5,9,0,0,199
2129,2161.0258488594745,MISS_ENUMERATE_PROXY,Proxy 140,1,5,0,0,199
2130,2164.0460990622623,MISS_ENUMERATE_PROXY,Proxy 18,11,7,0,0,199
2131,2168.6117734048044,MISS_ENUMERATE_PROXY,Proxy 195,9,3,0,0,199
2132,2169.2655744217877,MISS_ENUMERATE_PROXY,Proxy 162,4,6,0,0,199
2133,2170.5094610777414,MISS_ENUMERATE_PROXY,Proxy 148,8,3,0,0,199
2134,2171.1549625301504,MISS_ENUMERATE_PROXY,Proxy 19,2,7,0,0,199
2135,2171.3305339988383,MISS_ENUMERATE_PROXY,Proxy 92,2,6,0,0,199
2136,2174.0401196770463,MISS_ENUMERATE_PROXY,Proxy 179,6,5,0,0,199
2137,2179.814813704303,MISS_ENUMERATE_PROXY,Proxy 37,6,4,0,0,199
2138,2179.886881149507,MISS_ENUMERATE_PROXY,Proxy 32,5,11,0,0,199
2139,2185.3752624656104,MISS_ENUMERATE_PROXY,Proxy 179,6,6,0,0,199
2140,2187.17413312563,MISS_ENUMERATE_PROXY,Proxy 144,4,6,0,0,199
2141,2188.3371126901984,MISS_ENUMERATE_PROXY,Proxy 96,7,1,0,0,199
2142,2189.910177083669,MISS_ENUMERATE_PROXY,Proxy 52,5,7,0,0,199
2143,2195.420736151385,MISS_ENUMERATE_PROXY,Proxy 30,6,4,0,0,199
2144,2200.778137839425,MISS_ENUMERATE_PROXY,Proxy 132,3,5,0,0,199
2145,2208.0821969321833,MISS_ENUMERATE_PROXY,Proxy 75,5,3,0,0,199
2146,2208.1647193142035,MISS_ENUMERATE_PROXY,Proxy 32,5,12,0,0,199
2147,2208.9314264127925,MISS_ENUMERATE_PROXY,Proxy 89,5,2,0,0,199
2148,2208.9456750322374,MISS_ENUMERATE_PROXY,Proxy 72,6,2,0,0,199
2149,2212.272781962134,MISS_ENUMERATE_PROXY,Proxy 184,7,3,0,0,199
2150,2215.7519158975647,MISS_ENUMERATE_PROXY,Proxy 64,8,5,0,0,199
2151,2218.7073252200257,MISS_ENUMERATE_PROXY,Proxy 41,9,4,0,0,199
2152,2222.021395909395,MISS_ENUMERATE_PROXY,Proxy 22,8,6,0,0,199
2153,2223.111399257295,MISS_ENUMERATE_PROXY,Proxy 98,3,3,0,0,199
2154,2223.1761362226734,MISS_ENUMERATE_PROXY,Proxy 118,2,2,0,0,199
2155,2228.888542316259,MISS_ENUMERATE_PROXY,Proxy 19,2,8,0,0,199
2156,2229.6771994073847,MISS_ENUMERATE_PROXY,Proxy 132,3,6,0,0,199
2157,2230.0731353234587,MISS_ENUMERATE_PROXY,Proxy 167,12,7,0,0,199
2158,2230.7589561167097,MISS_ENUMERATE_PROXY,Proxy 199,6,6,0,0,199
2159,2230.990207174846,MISS_ENUMERATE_PROXY,Proxy 92,2,7,0,0,199
2160,2235.9164206678074,MISS_ENUMERATE_PROXY,Proxy 39,4,4,0,0,199
2161,2239.5320788350637,MISS_ENUMERATE_PROXY,Proxy 160,8,3,0,0,199
2162,2243.0577158210967,MISS_ENUMERATE_PROXY,Proxy 170,3,6,0,0,199
2163,2243.2688550340895,MISS_ENUMERATE_PROXY,Proxy 159,5,5,0,0,199
2164,2244.7006990712594,MISS_ENUMERATE_PROXY,Proxy 89,5,3,0,0,199
2165,2246.176621875067,MISS_ENUMERATE_PROXY,Proxy 10,1,5,0,0,199
2166,2248.4171452457276,MISS_ENUMERATE_PROXY,Proxy 193,8,7,0,0,199
2167,2248.9193718897063,MISS_ENUMERATE_PROXY,Proxy 12,5,7,0,0,199
2168,2252.0987175520168,MISS_ENUMERATE_PROXY,Proxy 134,6,6,0,0,199
2169,2259.260577535804,MISS_ENUMERATE_PROXY,Proxy 132,3,7,0,0,199
2170,2263.6621604563097,MISS_ENUMERATE_PROXY,Proxy 27,6,6,0,0,199
2171,2264.208225611483,MISS_ENUMERATE_PROXY,Proxy 142,6,7,0,0,199
2172,2268.650906080437,MISS_ENUMERATE_PROXY,Proxy 64,8,6,0,0,199
2173,2271.86387373154,MISS_ENUMERATE_PROXY,Proxy 195,10,4,0,0,199
2174,2273.1926825822316,MISS_ENUMERATE_PROXY,Proxy 118,2,3,0,0,199
2175,2273.740622197294,MISS_ENUMERATE_PROXY,Proxy 19,2,9,0,0,199
2176,2276.253327849131,MISS_ENUMERATE_PROXY,Proxy 168,8,5,0,0,199
2177,2278.428185347946,MISS_ENUMERATE_PROXY,Proxy 178,5,2,0,0,199
2178,2278.5591055674636,MISS_ENUMERATE_PROXY,Proxy 35,7,3,0,0,199
2179,2280.8522806203214,MISS_ENUMERATE_PROXY,Proxy 64,8,7,0,0,199
2180,2281.1536794160534,MISS_ENUMERATE_PROXY,Proxy 85,7,4,0,0,199
2181,2282.775521883472,MISS_ENUMERATE_PROXY,Proxy 191,5,6,0,0,199
2182,2284.7104269680367,MISS_ENUMERATE_PROXY,Proxy 8,5,6,0,0,199
2183,2287.9443129187957,MISS_ENUMERATE_PROXY,Proxy 9,5,5,0,0,199
2184,2290.212697891974,MISS_ENUMERATE_PROXY,Proxy 88,9,9,0,0,199
2185,2291.554014729978,MISS_ENUMERATE_PROXY,Proxy 46,3,4,0,0,199
2186,2292.6214904209237,MISS_ENUMERATE_PROXY,Proxy 6,7,6,0,0,199
2187,2293.507261153524,MISS_ENUMERATE_PROXY,Proxy 171,4,6,0,0,199
2188,2296.958828416689,MISS_ENUMERATE_PROXY,Proxy 127,8,2,0,0,199
2189,2298.137674859204,MISS_ENUMERATE_PROXY,Proxy 78,2,6,0,0,199
2190,2298.1524174514616,MISS_ENUMERATE_PROXY,Proxy 65,4,5,0,0,199
2191,2298.631795124726,MISS_ENUMERATE_PROXY,Proxy 111,10,5,0,0,199
2192,2299.198041492553,MISS_ENUMERATE_PROXY,Proxy 106,4,5,0,0,199
2193,2299.628213951681,MISS_ENUMERATE_PROXY,Proxy 3,5,2,0,0,199
2194,2300.629395227271,MISS_ENUMERATE_PROXY,Proxy 139,5,5,0,0,199
2195,2301.9930237444905,MISS_ENUMERATE_PROXY,Proxy 177,6,4,0,0,199
2196,2303.260253532563,MISS_ENUMERATE_PROXY,Proxy 14,3,7,0,0,199
2197,2304.9349359246044,MISS_ENUMERATE_PROXY,Proxy 134,6,7,0,0,199
2198,2305.8802886899975,MISS_ENUMERATE_PROXY,Proxy 188,8,5,0,0,199
2199,2307.009544648983,MISS_ENUMERATE_PROXY,Proxy 48,9,6,0,0,199
2200,2309.33040270968,MISS_ENUMERATE_PROXY,Proxy 187,2,8,0,0,199
2201,2309.7396306082137,MISS_ENUMERATE_PROXY,Proxy 127,8,3,0,0,199
2202,2313.898805633076,MISS_ENUMERATE_PROXY,Proxy 137,2,7,0,0,199
2203,2316.2629313739767,MISS_ENUMERATE_PROXY,Proxy 180,7,2,0,0,199
2204,2317.325388327907,MISS_ENUMERATE_PROXY,Proxy 102,6,3,0,0,199
2205,2317.379077112361,MISS_ENUMERATE_PROXY,Proxy 166,8,5,0,0,199
2206,2317.508541579409,MISS_ENUMERATE_PROXY,Proxy 30,7,5,0,0,199
2207,2317.7290848632942,MISS_ENUMERATE_PROXY,Proxy 195,11,5,0,0,199
2208,2318.6894091826725,MISS_ENUMERATE_PROXY,Proxy 68,3,3,0,0,199
2209,2319.331123871984,MISS_ENUMERATE_PROXY,Proxy 67,11,9,0,0,199
2210,2319.778975975953,MISS_ENUMERATE_PROXY,Proxy 2,2,5,0,0,199
2211,2320.228249871887,MISS_ENUMERATE_PROXY,Proxy 93,1,7,0,0,199
2212,2329.382634201573,MISS_ENUMERATE_PROXY,Proxy 103,6,9,0,0,199
2213,2332.3390029141515,MISS_ENUMERATE_PROXY,Proxy 6,7,7,0,0,199
2214,2332.6505361027603,MISS_ENUMERATE_PROXY,Proxy 12,5,8,0,0,199
2215,2334.5276183625956,MISS_ENUMERATE_PROXY,Proxy 64,8,8,0,0,199
2216,2336.6017479419606,MISS_ENUMERATE_PROXY,Proxy 101,4,3,0,0,199
2217,2337.535387793688,MISS_ENUMERATE_PROXY,Proxy 14,3,8,0,0,199
2218,2339.081149287024,MISS_ENUMERATE_PROXY,Proxy 3,5,3,0,0,199
2219,2341.5947428974073,MISS_ENUMERATE_PROXY,Proxy 97,6,4,0,0,199
2220,2342.8375968290475,MISS_ENUMERATE_PROXY,Proxy 119,5,5,0,0,199
2221,2347.3567229244572,MISS_ENUMERATE_PROXY,Proxy 146,6,5,0,0,199
2222,2348.66620664488,MISS_ENUMERATE_PROXY,Proxy 49,8,5,0,0,199
2223,2349.1112528452686,MISS_ENUMERATE_PROXY,Proxy 156,5,4,0,0,199
2224,2349.8780839424603,MISS_ENUMERATE_PROXY,Proxy 120,2,2,0,0,199
2225,2351.3339413497197,MISS_ENUMERATE_PROXY,Proxy 182,1,9,0,0,199
2226,2351.9333325104876,MISS_ENUMERATE_PROXY,Proxy 35,7,4,0,0,199
2227,2354.754340023032,MISS_ENUMERATE_PROXY,Proxy 49,9,6,0,0,199
2228,2355.566049695019,MISS_ENUMERATE_PROXY,Proxy 76,5,4,0,0,199
2229,2356.331940555222,MISS_ENUMERATE_PROXY,Proxy 67,11,10,0,0,199
2230,2358.7260656669914,MISS_ENUMERATE_PROXY,Proxy 128,4,7,0,0,199
2231,2361.5175357558533,MISS_ENUMERATE_PROXY,Proxy 101,4,4,0,0,199
2232,2361.848791828046,MISS_ENUMERATE_PROXY,Proxy 181,9,7,0,0,199
2233,2363.879478150233,MISS_ENUMERATE_PROXY,Proxy 60,7,9,0,0,199
2234,2370.8030021814584,MISS_ENUMERATE_PROXY,Proxy 54,4,6,0,0,199
2235,2371.718241950391,MISS_ENUMERATE_PROXY,Proxy 23,6,4,0,0,199
2236,2372.728171269125,MISS_ENUMERATE_PROXY,Proxy 181,9,8,0,0,199
2237,2373.252619353859,MISS_ENUMERATE_PROXY,Proxy 60,7,10,0,0,199
2238,2376.6163500168846,MISS_ENUMERATE_PROXY,Proxy 181,9,9,0,0,199
2239,2377.7216314032203,MISS_ENUMERATE_PROXY,Proxy 22,9,7,0,0,199
2240,2377.991446324472,MISS_ENUMERATE_PROXY,Proxy 35,7,5,0,0,199
2241,2379.0388311318584,MISS_ENUMERATE_PROXY,Proxy 3,5,4,0,0,199
2242,2380.9496136308653,MISS_ENUMERATE_PROXY,Proxy 189,11,5,0,0,199
2243,2381.862270843471,MISS_ENUMERATE_PROXY,Proxy 101,4,5,0,0,199
2244,2382.9742089614233,MISS_ENUMERATE_PROXY,Proxy 156,5,5,0,0,199
2245,2388.2248396917885,MISS_ENUMERATE_PROXY,Proxy 56,9,2,0,0,199
2246,2388.263155870923,MISS_ENUMERATE_PROXY,Proxy 177,7,5,0,0,199
2247,2393.9478278094853,MISS_ENUMERATE_PROXY,Proxy 149,8,3,0,0,199
2248,2397.32534677182,MISS_ENUMERATE_PROXY,Proxy 166,9,6,0,0,199
2249,2399.798611074452,MISS_ENUMERATE_PROXY,Proxy 47,4,6,0,0,199
2250,2404.866488063896,MISS_ENUMERATE_PROXY,Proxy 46,4,5,0,0,199
2251,2407.780921118551,MISS_ENUMERATE_PROXY,Proxy 32,7,13,0,0,199
2252,2410.0048432996728,MISS_ENUMERATE_PROXY,Proxy 56,9,3,0,0,199
2253,2410.914265131337,MISS_ENUMERATE_PROXY,Proxy 71,5,5,0,0,199
2254,2411.648741628015,MISS_ENUMERATE_PROXY,Proxy 57,10,3,0,0,199
2255,2413.3886914609984,MISS_ENUMERATE_PROXY,Proxy 166,9,7,0,0,199
2256,2418.1634794683423,MISS_ENUMERATE_PROXY,Proxy 154,8,4,0,0,199
2257,2422.8481214548165,MISS_ENUMERATE_PROXY,Proxy 177,7,6,0,0,199
2258,2423.628420038123,MISS_ENUMERATE_PROXY,Proxy 146,7,6,0,0,199
2259,2424.7413099550863,MISS_ENUMERATE_PROXY,Proxy 11,4,3,0,0,199
2260,2425.5458622230344,MISS_ENUMERATE_PROXY,Proxy 52,7,8,0,0,199
2261,2426.3541645325618,MISS_ENUMERATE_PROXY,Proxy 14,3,9,0,0,199
2262,2430.3640619468897,MISS_ENUMERATE_PROXY,Proxy 170,4,7,0,0,199
2263,2430.692702206106,MISS_ENUMERATE_PROXY,Proxy 31,5,7,0,0,199
2264,2433.554341496717,MISS_ENUMERATE_PROXY,Proxy 84,6,4,0,0,199
2265,2436.3295926865712,MISS_ENUMERATE_PROXY,Proxy 27,6,7,0,0,199
2266,2436.4739613445527,MISS_ENUMERATE_PROXY,Proxy 16,5,4,0,0,199
2267,2437.310686461889,MISS_ENUMERATE_PROXY,Proxy 19,2,10,0,0,199
2268,2438.0207526876575,MISS_ENUMERATE_PROXY,Proxy 77,7,3,0,0,199
2269,2438.6603700033947,MISS_ENUMERATE_PROXY,Proxy 121,4,2,0,0,199
2270,2439.15961664754,MISS_ENUMERATE_PROXY,Proxy 196,2,7,0,0,199
2271,2439.4879688379224,MISS_ENUMERATE_PROXY,Proxy 128,6,8,0,0,199
2272,2443.1262001408986,MISS_ENUMERATE_PROXY,Proxy 59,4,8,0,0,199
2273,2446.1092818012444,MISS_ENUMERATE_PROXY,Proxy 155,6,7,0,0,199
2274,2446.5712885598105,MISS_ENUMERATE_PROXY,Proxy 14,3,10,0,0,199
2275,2448.678599555397,MISS_ENUMERATE_PROXY,Proxy 133,5,2,0,0,199
2276,2449.039093454635,MISS_ENUMERATE_PROXY,Proxy 88,9,10,0,0,199
2277,2455.364489587262,MISS_ENUMERATE_PROXY,Proxy 34,5,6,0,0,199
2278,2455.7098503335,MISS_ENUMERATE_PROXY,Proxy 31,5,8,0,0,199
2279,2459.5005540598413,MISS_ENUMERATE_PROXY,Proxy 64,9,9,0,0,199
2280,2464.485083406395,MISS_ENUMERATE_PROXY,Proxy 75,7,4,0,0,199
2281,2464.789880215595,MISS_ENUMERATE_PROXY,Proxy 121,4,3,0,0,199
2282,2466.398080668241,MISS_ENUMERATE_PROXY,Proxy 165,6,7,0,0,199
2283,2466.967557365887,MISS_ENUMERATE_PROXY,Proxy 7,6,4,0,0,199
2284,2471.3218661573233,MISS_ENUMERATE_PROXY,Proxy 81,6,4,0,0,199
2285,2478.4842161029515,MISS_ENUMERATE_PROXY,Proxy 104,5,7,0,0,199
2286,2479.6051364621803,MISS_ENUMERATE_PROXY,Proxy 62,5,3,0,0,199
2287,2481.1879692001685,MISS_ENUMERATE_PROXY,Proxy 199,6,7,0,0,199
2288,2481.4502303795725,MISS_ENUMERATE_PROXY,Proxy 67,11,11,0,0,199
2289,2487.055903376539,MISS_ENUMERATE_PROXY,Proxy 33,4,6,0,0,199
2290,2488.526015417226,MISS_ENUMERATE_PROXY,Proxy 187,2,9,0,0,199
2291,2489.4646038868664,MISS_ENUMERATE_PROXY,Proxy 72,9,3,0,0,199
2292,2491.324164255127,MISS_ENUMERATE_PROXY,Proxy 72,9,4,0,0,199
2293,2491.470346349048,MISS_ENUMERATE_PROXY,Proxy 194,4,1,0,0,199
2294,2494.22765486363,MISS_ENUMERATE_PROXY,Proxy 0,8,2,0,0,199
2295,2499.1499278450283,MISS_ENUMERATE_PROXY,Proxy 8,5,7,0,0,199
2296,2500.9734913754955,MISS_ENUMERATE_PROXY,Proxy 29,9,7,0,0,199
2297,2501.556435458083,MISS_ENUMERATE_PROXY,Proxy 124,6,6,0,0,199
2298,2507.5849892354913,MISS_ENUMERATE_PROXY,Proxy 124,6,7,0,0,199
2299,2507.9615621980843,MISS_ENUMERATE_PROXY,Proxy 150,5,6,0,0,199
2300,2514.429666974571,MISS_ENUMERATE_PROXY,Proxy 109,3,5,0,0,199
2301,2515.8835555307305,MISS_ENUMERATE_PROXY,Proxy 58,7,1,0,0,199
2302,2525.775168284369,MISS_ENUMERATE_PROXY,Proxy 159,6,6,0,0,199
2303,2526.976162129204,MISS_ENUMERATE_PROXY,Proxy 194,4,2,0,0,199
2304,2532.108934998944,MISS_ENUMERATE_PROXY,Proxy 66,10,2,0,0,199
2305,2532.3622134235807,MISS_ENUMERATE_PROXY,Proxy 141,9,4,0,0,199
2306,2533.1431260623667,MISS_ENUMERATE_PROXY,Proxy 61,13,6,0,0,199
2307,2534.1581020406275,MISS_ENUMERATE_PROXY,Proxy 7,6,5,0,0,199
2308,2539.7792712785595,MISS_ENUMERATE_PROXY,Proxy 13,3,3,0,0,199
2309,2540.3015338338328,MISS_ENUMERATE_PROXY,Proxy 63,5,4,0,0,199
2310,2544.443002461939,MISS_ENUMERATE_PROXY,Proxy 152,6,1,0,0,199
2311,2549.9619187540156,MISS_ENUMERATE_PROXY,Proxy 129,10,6,0,0,199
2312,2551.3748419063586,MISS_ENUMERATE_PROXY,Proxy 131,3,8,0,0,199
2313,2556.4490530019907,MISS_ENUMERATE_PROXY,Proxy 85,7,5,0,0,199
2314,2557.3478782261077,MISS_ENUMERATE_PROXY,Proxy 64,9,10,0,0,199
2315,2558.3085112309413,MISS_ENUMERATE_PROXY,Proxy 35,8,6,0,0,199
2316,2562.26046467254,MISS_ENUMERATE_PROXY,Proxy 124,6,8,0,0,199
2317,2565.4310909892356,MISS_ENUMERATE_PROXY,Proxy 157,6,5,0,0,199
2318,2571.373641427678,MISS_ENUMERATE_PROXY,Proxy 21,8,2,0,0,199
2319,2575.0168178181107,MISS_ENUMERATE_PROXY,Proxy 195,12,6,0,0,199
2320,2575.416093019248,MISS_ENUMERATE_PROXY,Proxy 93,2,8,0,0,199
2321,2575.793506591057,MISS_ENUMERATE_PROXY,Proxy 26,4,6,0,0,199
2322,2577.391513420429,MISS_ENUMERATE_PROXY,Proxy 101,4,6,0,0,199
2323,2579.353275644391,MISS_ENUMERATE_PROXY,Proxy 76,5,5,0,0,199
2324,2579.5972520308965,MISS_ENUMERATE_PROXY,Proxy 188,9,6,0,0,199
2325,2581.338418211143,MISS_ENUMERATE_PROXY,Proxy 13,3,4,0,0,199
2326,2582.2741131518087,MISS_ENUMERATE_PROXY,Proxy 197,6,9,0,0,199
2327,2584.4738438359336,MISS_ENUMERATE_PROXY,Proxy 93,2,9,0,0,199
2328,2586.1197712235485,MISS_ENUMERATE_PROXY,Proxy 90,9,8,0,0,199
2329,2586.4664946299167,MISS_ENUMERATE_PROXY,Proxy 127,9,4,0,0,199
2330,2588.6196283316835,MISS_ENUMERATE_PROXY,Proxy 109,4,6,0,0,199
2331,2588.8380072504933,MISS_ENUMERATE_PROXY,Proxy 181,9,10,0,0,199
2332,2589.8221294942587,MISS_ENUMERATE_PROXY,Proxy 196,2,8,0,0,199
2333,2590.7004714832606,MISS_ENUMERATE_PROXY,Proxy 84,6,5,0,0,199
2334,2590.92070266483,MISS_ENUMERATE_PROXY,Proxy 182,1,10,0,0,199
2335,2595.162929994415,MISS_ENUMERATE_PROXY,Proxy 95,3,3,0,0,199
2336,2598.8528109974422,MISS_ENUMERATE_PROXY,Proxy 2,3,6,0,0,199
2337,2599.163900384545,MISS_ENUMERATE_PROXY,Proxy 170,5,8,0,0,199
2338,2600.449410482663,MISS_ENUMERATE_PROXY,Proxy 41,12,5,0,0,199
2339,2600.5849341198,MISS_ENUMERATE_PROXY,Proxy 125,6,5,0,0,199
2340,2600.5937501891804,ENUMERATE_PROXY,Proxy 163,5,0,0,0,200
